issue_id,timestamp,category,description,municipality,district,state,age_group,gender,origin,responsible_entity_id,responsible_entity_name,responsible_entity_level,description_length,description_words,has_verkehr_keywords,has_bildung_keywords,has_umwelt_keywords,has_gesundheit_keywords,hour,day_of_week,day_of_month,week_of_year,month,quarter,is_weekend,is_business_hours,is_morning,is_afternoon
ISS_20250613034209_7483,2023-11-12 03:54:00,Gesundheit,Die Wartezeit in der Notaufnahme des Klinikums war gestern Abend über 4 Stunden - das ist für ältere Menschen wie mich unzumutbar. Außerdem war das Personal völlig überlastet und konnte kaum auf Fragen eingehen.,Chemnitz,Stadt,Sachsen,55-64,female,citizen,LAND_04_SM,Bremen - Ministerium für Soziales,Land,211,34,False,False,False,False,3,6,12,45,11,4,True,False,False,False
ISS_20250613034253_2513,2024-12-26 06:24:00,Digitalisierung,"Das Online-Portal der Stadt funktioniert seit Tagen nicht richtig - ich kann weder einen Termin im Bürgerbüro buchen noch meinen Personalausweis verlängern. Für berufstätige Mütter wie mich ist das sehr ärgerlich, da ich nicht ständig anrufen kann.",Moringen,Stadt,Niedersachsen,35-44,female,citizen,BUND_BUNDESMINISTERIUM_FÜR_DIGITALES_UND_VERKEHR,Bundesministerium für Digitales und Verkehr,Bund,248,37,False,False,False,False,6,3,26,52,12,4,False,False,True,False
ISS_20250613033812_4910,2023-06-04 12:10:00,Verkehr,"Die Baustelle an der B176 bei Frohburg dauert schon drei Monate und die Umleitung durch die Innenstadt ist völlig überlastet. Täglich stehe ich eine halbe Stunde im Stau, wann wird das endlich fertig?",Frohburg,Stadt,Sachsen,25-34,male,citizen,LAND_08_VM,Baden-Württemberg - Ministerium für Verkehr,Land,200,33,True,False,False,False,12,6,4,22,6,2,True,True,True,True
ISS_20250613033659_2513,2024-09-13 11:25:00,Verkehr,Die Baustelle in der Leipziger Straße dauert schon drei Monate und es gibt keine Umleitung - jeden Morgen stehe ich im Stau und komme zu spät zur Arbeit. Wann wird das endlich fertig?,Artern,Stadt,Thüringen,35-44,male,citizen,LAND_09_VM,Bayern - Ministerium für Verkehr,Land,183,33,True,False,False,False,11,4,13,37,9,3,False,True,True,False
ISS_20250613034155_1027,2024-02-20 14:58:00,Umwelt,"Die Grünschnittsammelstelle an der Münchener Straße ist völlig überfüllt und die Abfälle liegen bereits auf dem Gehweg verstreut. Das sieht nicht nur schlimm aus, sondern lockt auch Ungeziefer an und behindert die Fußgänger.",Olching,Stadt,Bayern,45-54,male,citizen,LAND_15_UM,Sachsen-Anhalt - Ministerium für Umwelt,Land,224,33,True,False,True,False,14,1,20,8,2,1,False,True,False,True
ISS_20250613034128_6078,2023-01-01 12:59:00,Digitalisierung,"Die Online-Terminbuchung für das Bürgerbüro funktioniert überhaupt nicht - ständig Fehlermeldungen und dann ist man wieder auf der Startseite. Als Rentner brauche ich einfache Lösungen, nicht diese komplizierten Internet-Sachen, die nie klappen.",Schloßvippach,Gemeinde,Thüringen,65+,male,citizen,BUND_BUNDESMINISTERIUM_FÜR_DIGITALES_UND_VERKEHR,Bundesministerium für Digitales und Verkehr,Bund,245,32,False,False,False,False,12,6,1,52,1,1,True,True,True,True
ISS_20250613033655_3441,2024-08-08 14:42:00,Gesundheit,"Die Wartezeit in der Notaufnahme des Krankenhauses beträgt regelmäßig über vier Stunden, selbst bei akuten Beschwerden. Das Personal ist völlig überlastet und Patienten werden stundenlang ohne Information im Wartezimmer gelassen.",Torgau,Stadt,Sachsen,25-34,male,citizen,LAND_09_GM,Bayern - Ministerium für Gesundheit,Land,229,30,False,False,False,True,14,3,8,32,8,3,False,True,False,True
ISS_20250613034114_1888,2024-10-09 04:51:00,Digitalisierung,"Das neue Online-Portal der Stadt ist viel zu kompliziert für uns ältere Bürger. Ich brauche einen einfachen Weg, um meinen Personalausweis zu verlängern, ohne stundenlang vor dem Computer zu sitzen und mich durch unverständliche Menüs zu klicken.",Kirchberg an der Jagst,Stadt,Baden-Württemberg,65+,male,citizen,BUND_BUNDESMINISTERIUM_FÜR_DIGITALES_UND_VERKEHR,Bundesministerium für Digitales und Verkehr,Bund,246,37,False,False,False,False,4,2,9,41,10,4,False,False,False,False
ISS_20250613033739_9518,2024-07-22 13:29:00,Digitalisierung,"Das Online-Portal der Gemeinde funktioniert seit Wochen nicht richtig - ich kann meinen Antrag auf Kindergeld nicht einreichen. Meine Freundin hat das gleiche Problem und wir verstehen nicht, warum die technischen Probleme nicht behoben werden.",Heek,Gemeinde,Nordrhein-Westfalen,35-44,female,migrant_non_eu,BUND_BUNDESMINISTERIUM_FÜR_DIGITALES_UND_VERKEHR,Bundesministerium für Digitales und Verkehr,Bund,244,35,False,False,False,False,13,0,22,30,7,3,False,True,False,True
ISS_20250613033808_6976,2024-09-07 11:04:00,Gesundheit,"Die Wartezeit beim Hausarzt hier in Allstedt ist unmöglich - drei Wochen für einen normalen Termin! Als EU-Bürgerin verstehe ich nicht, warum die medizinische Versorgung so schlecht ist, besonders für junge Familien wie uns.",Allstedt,Stadt,Sachsen-Anhalt,25-34,female,migrant_eu,LAND_11_SM,Berlin - Ministerium für Soziales,Land,224,34,False,False,False,True,11,5,7,36,9,3,True,True,True,False
ISS_20250613034117_9338,2023-11-01 01:25:00,Migration,Die Bearbeitungszeiten für Anträge im Bürgerbüro haben sich seit Monaten extrem verlängert. Man wartet wochenlang auf einen Termin und dann nochmal ewig auf die Bearbeitung - das ist für berufstätige Menschen einfach nicht zumutbar.,Aislingen,Gemeinde,Bayern,45-54,female,citizen,LAND_13_SM,Mecklenburg-Vorpommern - Ministerium für Soziales,Land,232,34,False,False,False,False,1,2,1,44,11,4,False,False,False,False
ISS_20250613034216_1251,2023-11-27 14:22:00,Bildung,"Die Turnhalle der Grundschule ist seit drei Monaten wegen Schimmelbefall gesperrt, aber mein Sohn hat immer noch keinen Sportunterricht. Wann wird endlich eine Lösung gefunden, damit die Kinder wieder Sport machen können?",Dallgow-Döberitz,Gemeinde,Brandenburg,35-44,female,citizen,LAND_10_BM,Saarland - Ministerium für Bildung,Land,221,32,False,True,False,False,14,0,27,48,11,4,False,True,False,True
ISS_20250613034152_1172,2024-01-19 17:12:00,Wirtschaft,Die Gewerbesteuer in Schnaittach ist viel zu hoch im Vergleich zu den Nachbargemeinden. Dadurch wandern immer mehr kleine Betriebe ab und unsere Ortsmitte stirbt aus - das schadet der ganzen Gemeinde.,Schnaittach,Gemeinde,Bayern,55-64,female,citizen,LAND_14_MW,Sachsen - Ministerium für Wirtschaft,Land,200,31,False,False,False,False,17,4,19,3,1,1,False,True,False,True
ISS_20250613034117_3749,2023-07-25 10:06:00,Digitalisierung,Das Online-Portal der Stadt ist seit Tagen nicht erreichbar und ich kann meinen Wohnsitz nicht ummelden. Warum funktioniert die Digitalisierung hier so schlecht? Ich brauche dringend die Bescheinigung für meinen neuen Arbeitgeber.,Nidda,Stadt,Hessen,35-44,male,citizen,BUND_BUNDESMINISTERIUM_FÜR_DIGITALES_UND_VERKEHR,Bundesministerium für Digitales und Verkehr,Bund,230,32,False,False,False,False,10,1,25,30,7,3,False,True,True,False
ISS_20250613034114_3779,2023-05-31 23:39:00,Umwelt,Die Mülldeponie am Ortsrand von Petersberg stinkt seit Wochen extrem und der Gestank zieht bis in die Wohnsiedlung. Besonders abends ist es unerträglich - meine Familie kann nicht mal mehr die Fenster öffnen.,Petersberg,Gemeinde,Sachsen-Anhalt,35-44,male,citizen,LAND_10_UM,Saarland - Ministerium für Umwelt,Land,208,33,False,False,True,False,23,2,31,22,5,2,False,False,False,False
ISS_20250613034152_6508,2023-01-30 01:18:00,Sicherheit,"Die Straßenbeleuchtung in der Dorfstraße ist seit Wochen kaputt, wodurch der Weg zur Bushaltestelle abends völlig dunkel ist. Als alleinstehende Frau fühle ich mich sehr unsicher und bitte um schnelle Reparatur.",Rühstädt,Gemeinde,Brandenburg,45-54,female,citizen,LAND_04_UM,Bremen - Ministerium für Umwelt,Land,211,31,True,False,False,False,1,0,30,5,1,1,False,False,False,False
ISS_20250613034130_6805,2024-04-01 09:40:00,Bildung,"Die Berufsschule hier bietet viel zu wenige Deutschkurse für EU-Ausländer an. Ich warte seit drei Monaten auf einen Platz im B2-Kurs, aber ohne besseres Deutsch finde ich keine Ausbildung.",Ebersbach-Musbach,Gemeinde,Baden-Württemberg,18-24,male,migrant_eu,LAND_06_BM,Hessen - Ministerium für Bildung,Land,188,29,False,True,False,False,9,0,1,14,4,2,False,True,True,False
ISS_20250613034244_9620,2024-11-04 11:37:00,Digitalisierung,Die Online-Terminbuchung für das Bürgerbüro funktioniert seit Wochen nicht richtig - ständig Fehlermeldungen oder die Seite lädt gar nicht. Für einen einfachen Personalausweis-Antrag muss ich jetzt wieder persönlich vorbeikommen und ewig warten.,Raubach,Gemeinde,Rheinland-Pfalz,35-44,female,citizen,BUND_BUNDESMINISTERIUM_FÜR_DIGITALES_UND_VERKEHR,Bundesministerium für Digitales und Verkehr,Bund,245,32,False,False,False,False,11,0,4,45,11,4,False,True,True,False
ISS_20250613033948_1354,2025-03-19 21:34:00,Digitalisierung,"Das Online-Portal der Stadtverwaltung ist eine Katastrophe - ständig stürzt es ab, wenn man Formulare ausfüllt, und die Anmeldung funktioniert nie beim ersten Mal. Für uns ältere Bürger ist das pure Schikane, wir brauchen einfache Lösungen!",Apolda,Stadt,Thüringen,55-64,male,citizen,BUND_BUNDESMINISTERIUM_FÜR_DIGITALES_UND_VERKEHR,Bundesministerium für Digitales und Verkehr,Bund,240,36,False,False,False,False,21,2,19,12,3,1,False,False,False,False
ISS_20250613034248_3716,2024-12-10 17:17:00,Umwelt,"Die Mülltrennung in unserem Wohngebiet funktioniert nicht richtig - die gelben Säcke werden oft wochenlang nicht abgeholt und der Wind verteilt den Müll überall. Das sieht nicht nur schlimm aus, sondern ist auch unhygienisch für unsere Kinder.",Katlenburg-Lindau,Gemeinde,Niedersachsen,25-34,diverse,citizen,LAND_06_UM,Hessen - Ministerium für Umwelt,Land,243,37,False,False,True,False,17,1,10,50,12,4,False,True,False,True
ISS_20250613034121_7130,2024-01-09 00:32:00,Umwelt,"Die Mülleimer im Stadtpark sind seit über einer Woche überfüllt und der Müll liegt überall rum. Das sieht nicht nur eklig aus, sondern lockt auch Ungeziefer an - können Sie bitte dafür sorgen, dass die regelmäßig geleert werden?",Limbach-Oberfrohna,Stadt,Sachsen,18-24,male,citizen,LAND_07_MW,Rheinland-Pfalz - Ministerium für Wirtschaft,Land,228,38,False,False,True,False,0,1,9,2,1,1,False,False,False,False
ISS_20250613034009_6101,2024-10-05 10:22:00,Gesundheit,"Die Wartezeit beim Hausarzt in Ochsenhausen beträgt mittlerweile über drei Wochen für einen normalen Termin. Als Berufstätiger finde ich es unmöglich, dass man für eine einfache Untersuchung so lange warten muss - das kann doch nicht normal sein.",Ochsenhausen,Stadt,Baden-Württemberg,25-34,male,citizen,LAND_15_SM,Sachsen-Anhalt - Ministerium für Soziales,Land,246,38,False,False,False,True,10,5,5,40,10,4,True,True,True,False
ISS_20250613033722_1696,2023-12-17 12:18:00,Gesundheit,"Die Wartezeit beim Hausarzt in Holzkirchen ist unmöglich geworden - drei Wochen für einen normalen Termin! Für berufstätige Menschen ist das nicht machbar, wenn man krank ist braucht man schnelle Hilfe.",Holzkirchen,Gemeinde,Bayern,45-54,male,citizen,LAND_05_GM,Nordrhein-Westfalen - Ministerium für Gesundheit,Land,202,31,False,False,False,True,12,6,17,50,12,4,True,True,True,True
ISS_20250613034158_3254,2025-05-08 11:27:00,Wirtschaft,"Die Gewerbesteuer für kleine Betriebe ist viel zu hoch und macht es fast unmöglich, als Selbstständiger zu überleben. Viele von uns Kleinunternehmern können kaum noch die Miete bezahlen, weil die Gemeinde immer mehr Geld verlangt.",Oy-Mittelberg,Gemeinde,Bayern,45-54,diverse,migrant_non_eu,LAND_05_FM,Nordrhein-Westfalen - Ministerium der Finanzen,Land,230,35,False,False,False,False,11,3,8,19,5,2,False,True,True,False
ISS_20250613034208_8601,2023-07-19 23:53:00,Migration,Die Bearbeitung meines Antrags auf Familienzusammenführung dauert bereits acht Monate ohne jede Rückmeldung vom Ausländeramt. Mein Mann wartet in der Türkei und wir brauchen endlich eine Antwort oder wenigstens Informationen zum aktuellen Stand.,Naumburg (Saale),Stadt,Sachsen-Anhalt,25-34,female,citizen,LAND_16_SM,Thüringen - Ministerium für Soziales,Land,245,33,False,False,False,False,23,2,19,29,7,3,False,False,False,False
ISS_20250613034212_7783,2023-11-01 06:02:00,Digitalisierung,"Die Online-Terminbuchung für den Personalausweis auf der Stadtwebsite funktioniert seit Wochen nicht. Immer wenn ich einen Termin buchen will, stürzt die Seite ab oder zeigt Fehlermeldungen an - das ist total nervig!",Güstrow,Stadt,Mecklenburg-Vorpommern,18-24,female,citizen,BUND_BUNDESMINISTERIUM_FÜR_DIGITALES_UND_VERKEHR,Bundesministerium für Digitales und Verkehr,Bund,216,32,False,False,False,False,6,2,1,44,11,4,False,False,True,False
ISS_20250613034251_3581,2023-09-29 09:20:00,Wirtschaft,Die Gewerbesteuer für kleine Betriebe in Blankenburg ist viel zu hoch im Vergleich zu anderen Städten in der Region. Dadurch wandern Unternehmen ab und wir verlieren Arbeitsplätze - das schadet unserer ganzen Stadt.,Blankenburg (Harz),Stadt,Sachsen-Anhalt,35-44,male,citizen,LAND_03_MW,Niedersachsen - Ministerium für Wirtschaft,Land,215,33,False,False,False,False,9,4,29,39,9,3,False,True,True,False
ISS_20250613034121_1515,2024-05-26 10:39:00,Bildung,"Die Schulbusse zur Berufsschule nach Landshut fallen ständig aus oder kommen zu spät, dadurch verpasse ich regelmäßig den Unterricht. Können Sie bitte die Verbindung verbessern oder zusätzliche Busse einsetzen?",Bodenkirchen,Gemeinde,Bayern,18-24,male,citizen,LAND_15_BM,Sachsen-Anhalt - Ministerium für Bildung,Land,210,29,True,True,False,False,10,6,26,21,5,2,True,True,True,False
ISS_20250613034127_1772,2024-08-12 03:06:00,Verkehr,"Die Bushaltestelle an der Dorfstraße hat kein Wartehäuschen und bei schlechtem Wetter stehen wir im Regen. Besonders für ältere Leute und Kinder ist das ein Problem, bitte können Sie da etwas machen?",Ehrenberg (Rhön),Gemeinde,Hessen,45-54,female,migrant_non_eu,LAND_16_VM,Thüringen - Ministerium für Verkehr,Land,199,32,True,False,False,False,3,0,12,33,8,3,False,False,False,False
ISS_20250613033653_3717,2024-12-20 04:10:00,Umwelt,Die Mülltonne am Wanderparkplatz beim Waldrand quillt seit über einer Woche über und der Gestank ist unerträglich. Wildtiere wühlen nachts im Müll und verteilen alles im Wald - das kann so nicht weitergehen!,Staufenberg,Stadt,Hessen,35-44,female,citizen,LAND_03_MW,Niedersachsen - Ministerium für Wirtschaft,Land,207,33,False,False,True,False,4,4,20,51,12,4,False,False,False,False
ISS_20250613033837_8375,2025-02-15 02:03:00,Umwelt,"Der Grünschnitt und Gartenabfälle werden in unserem Ortsteil seit drei Wochen nicht mehr abgeholt. Die Container quellen über und der Gestank wird immer schlimmer, besonders bei dem warmen Wetter jetzt.",Lübstorf,Gemeinde,Mecklenburg-Vorpommern,25-34,male,citizen,LAND_04_MW,Bremen - Ministerium für Wirtschaft,Land,202,30,False,False,True,False,2,5,15,7,2,1,True,False,False,False
ISS_20250613034254_3686,2025-05-15 20:40:00,Migration,"Die Bearbeitung meines Antrags auf Familienzusammenführung für meine Schwiegertochter aus der Ukraine dauert bereits acht Monate. Ich bitte um Auskunft über den aktuellen Stand und eine Beschleunigung des Verfahrens, da die Familie getrennt lebt.",Derschen,Gemeinde,Rheinland-Pfalz,55-64,male,citizen,LAND_04_SM,Bremen - Ministerium für Soziales,Land,246,34,False,False,False,False,20,3,15,20,5,2,False,False,False,False
ISS_20250613033656_1038,2023-04-21 02:00:00,Umwelt,"Die Mülltonne am Spielplatz Lindenstraße quillt seit einer Woche über und der Gestank wird unerträglich. Meine Kinder können dort nicht mehr spielen, weil überall Abfall herumliegt und Wespen angelockt werden.",Linden,Gemeinde,Schleswig-Holstein,25-34,female,citizen,LAND_01_UM,Schleswig-Holstein - Ministerium für Umwelt,Land,209,30,True,False,True,False,2,4,21,16,4,2,False,False,False,False
ISS_20250613034015_5401,2024-03-26 06:19:00,Gesundheit,"Die Wartezeit beim Hausarzt in Karstädt beträgt mittlerweile über drei Wochen für einen normalen Termin. Für berufstätige Menschen ist das unzumutbar, besonders wenn man wegen Rückenproblemen dringend behandelt werden muss.",Karstädt,Gemeinde,Brandenburg,45-54,male,citizen,LAND_06_SM,Hessen - Ministerium für Soziales,Land,223,30,False,False,False,True,6,1,26,13,3,1,False,False,True,False
ISS_20250613034005_9084,2023-09-09 11:10:00,Gesundheit,Die Wartezeit beim Gesundheitsamt für meinen Termin zur Anerkennung meiner EU-Krankenschwester-Ausbildung beträgt bereits vier Monate. Ich kann nicht arbeiten und brauche dringend eine schnellere Bearbeitung meines Antrags.,Augsburg,Stadt,Bayern,25-34,female,migrant_eu,LAND_11_SM,Berlin - Ministerium für Soziales,Land,223,27,False,False,False,False,11,5,9,36,9,3,True,True,True,False
ISS_20250613033857_6448,2024-10-08 18:09:00,Umwelt,"Die Mülleimer im Bereich der Bushaltestelle Am Markt quellen seit Tagen über und der Abfall wird vom Wind überall hingeweht. Das sieht nicht nur eklig aus, sondern lockt auch Ungeziefer an. Wann wird endlich öfter geleert?",Oschersleben (Bode),Stadt,Sachsen-Anhalt,18-24,male,citizen,LAND_02_UM,Hamburg - Ministerium für Umwelt,Land,222,36,True,False,True,False,18,1,8,41,10,4,False,False,False,True
ISS_20250613033758_9223,2024-06-07 09:09:00,Sicherheit,"Seit Monaten ist die Straßenbeleuchtung in der Breiten Straße defekt, wodurch der Gehweg abends völlig dunkel ist. Als Frau fühle ich mich dort sehr unsicher und musste bereits mehrfach Umwege gehen.",Halberstadt,Stadt,Sachsen-Anhalt,45-54,female,citizen,LAND_07_IM,Rheinland-Pfalz - Ministerium des Innern,Land,199,31,True,False,False,False,9,4,7,23,6,2,False,True,True,False
ISS_20250613034241_4732,2024-08-09 23:27:00,Bildung,Die Schulbusse zur Berufsschule in Gifhorn fahren oft zu spät oder fallen ganz aus. Dadurch verpasse ich regelmäßig die ersten Stunden und meine Ausbildung leidet darunter. Können Sie bitte die Busverbindungen verbessern?,Meinersen,Gemeinde,Niedersachsen,18-24,male,citizen,LAND_10_BM,Saarland - Ministerium für Bildung,Land,221,32,True,True,False,False,23,4,9,32,8,3,False,False,False,False
ISS_20250613033932_7567,2025-01-19 22:43:00,Bildung,Die Heizung in der Grundschule Malschwitz ist seit drei Wochen kaputt und die Kinder müssen bei 12 Grad im Klassenzimmer lernen. Meine Enkelin kommt jeden Tag durchgefroren nach Hause - das ist unzumutbar für die Gesundheit der Kinder.,Malschwitz,Gemeinde,Sachsen,55-64,male,citizen,LAND_13_BM,Mecklenburg-Vorpommern - Ministerium für Bildung,Land,235,38,False,True,False,False,22,6,19,3,1,1,True,False,False,False
ISS_20250613034132_6446,2023-03-20 03:18:00,Migration,Die Bearbeitung meines Antrags auf Familienzusammenführung dauert bereits über 8 Monate ohne jede Rückmeldung. Meine Schwiegermutter wartet in der Türkei und braucht dringend medizinische Versorgung - bitte beschleunigen Sie das Verfahren.,Treuen,Stadt,Sachsen,45-54,female,citizen,LAND_12_SM,Brandenburg - Ministerium für Soziales,Land,239,31,False,False,False,False,3,0,20,12,3,1,False,False,False,False
ISS_20250613034012_6075,2025-01-19 07:32:00,Bildung,Die Computerausstattung an der Uni Köln ist eine Katastrophe - ständig stürzen die Rechner ab und das WLAN funktioniert nicht. Wie sollen wir so vernünftig studieren und uns auf Prüfungen vorbereiten?,Köln,Stadt,Nordrhein-Westfalen,18-24,male,citizen,LAND_15_BM,Sachsen-Anhalt - Ministerium für Bildung,Land,200,31,False,False,False,False,7,6,19,3,1,1,True,False,True,False
ISS_20250613034044_1005,2024-07-24 07:01:00,Sicherheit,"Die Straßenbeleuchtung an der Dorfstraße ist seit Wochen kaputt und abends sieht man nichts. Besonders für uns junge Leute, die spät nach Hause kommen, ist das echt gefährlich - man kann die Schlaglöcher nicht sehen.",Lüdersdorf,Gemeinde,Mecklenburg-Vorpommern,18-24,male,citizen,LAND_02_UM,Hamburg - Ministerium für Umwelt,Land,216,35,True,False,False,False,7,2,24,30,7,3,False,False,True,False
ISS_20250613034120_2141,2023-09-18 13:15:00,Verkehr,Die Bushaltestelle an der Kirchstraße hat kein Wartehäuschen und keine Bank. Bei schlechtem Wetter stehen wir älteren Leute im Regen und haben keine Sitzmöglichkeit. Das ist besonders für Gehbehinderte ein großes Problem beim Warten auf den Bus.,Ennigerloh,Stadt,Nordrhein-Westfalen,65+,diverse,citizen,LAND_11_VM,Berlin - Ministerium für Verkehr,Land,245,37,True,False,False,False,13,0,18,38,9,3,False,True,False,True
ISS_20250613034128_1945,2025-03-06 15:28:00,Sicherheit,"Die Straßenbeleuchtung am Radweg zwischen Bavenhausen und Lemgo ist seit Wochen kaputt. Abends ist es dort stockdunkel und als Radfahrer fühle ich mich sehr unsicher, besonders wenn Jugendliche dort rumhängen.",Kalletal,Gemeinde,Nordrhein-Westfalen,35-44,male,citizen,LAND_02_IM,Hamburg - Ministerium des Innern,Land,209,30,True,False,False,False,15,3,6,10,3,1,False,True,False,True
ISS_20250613034011_4615,2023-03-11 15:08:00,Sicherheit,"Der Fußweg entlang der Aarstraße ist abends völlig unbeleuchtet und die Straßenlaternen sind seit Monaten kaputt. Als Vater mache ich mir Sorgen um die Sicherheit meiner Familie, wenn wir dort abends spazieren gehen.",Taunusstein,Stadt,Hessen,35-44,male,citizen,LAND_16_UM,Thüringen - Ministerium für Umwelt,Land,216,33,True,False,False,False,15,5,11,10,3,1,True,True,False,True
ISS_20250613034127_9589,2023-11-03 10:50:00,Gesundheit,Der Hausarzt in Münzenberg nimmt seit Monaten keine neuen Patienten mehr auf und die Wartezeiten beim einzigen anderen Arzt betragen über drei Wochen. Für eine Stadt unserer Größe ist die medizinische Versorgung völlig unzureichend.,Münzenberg,Stadt,Hessen,35-44,male,citizen,LAND_03_GM,Niedersachsen - Ministerium für Gesundheit,Land,232,34,False,False,False,True,10,4,3,44,11,4,False,True,True,False
ISS_20250613033820_4386,2024-09-04 07:08:00,Digitalisierung,"Die Online-Terminbuchung für das Bürgerbüro funktioniert seit Wochen nicht richtig - ständig Fehlermeldungen oder die Seite lädt gar nicht. Als ältere Person bin ich auf diese digitalen Dienste angewiesen, aber so ist das wirklich frustrierend.",Jüterbog,Stadt,Brandenburg,55-64,female,citizen,BUND_BUNDESMINISTERIUM_FÜR_DIGITALES_UND_VERKEHR,Bundesministerium für Digitales und Verkehr,Bund,244,35,False,False,False,False,7,2,4,36,9,3,False,False,True,False
ISS_20250613034050_4146,2025-02-17 17:19:00,Verkehr,"Die Durchfahrt durch unser Dorf ist zur Rennstrecke geworden. Täglich rasen Autos mit 70-80 km/h durch die 30er-Zone, obwohl hier Kinder zur Schule gehen. Wir brauchen dringend Blitzer oder Temposchwellen, bevor ein Unfall passiert.",Lahn,Gemeinde,Niedersachsen,55-64,male,citizen,LAND_08_VM,Baden-Württemberg - Ministerium für Verkehr,Land,232,34,False,True,False,False,17,0,17,8,2,1,False,True,False,True
ISS_20250613034009_5446,2024-01-04 11:05:00,Sicherheit,Der Fußweg zwischen Bahnhof und Ortsmitte ist abends völlig unbeleuchtet und ich fühle mich als junge Frau sehr unsicher. Könnten Sie bitte mehr Straßenlaternen installieren oder die defekten reparieren?,Lahntal,Gemeinde,Hessen,18-24,female,citizen,LAND_10_UM,Saarland - Ministerium für Umwelt,Land,203,29,True,False,False,False,11,3,4,1,1,1,False,True,True,False
ISS_20250613034130_5554,2023-06-05 20:57:00,Verkehr,"Die Bushaltestelle am Marktplatz hat kein Wartehäuschen und bei Regen wird man komplett nass. Außerdem kommt der Bus morgens oft 10-15 Minuten zu spät, wodurch ich regelmäßig zu spät zur Arbeit komme.",Warin,Stadt,Mecklenburg-Vorpommern,18-24,male,citizen,LAND_02_VM,Hamburg - Ministerium für Verkehr,Land,200,32,True,False,False,False,20,0,5,23,6,2,False,False,False,False
ISS_20250613033730_5520,2023-05-28 14:23:00,Umwelt,"Die Mülltrennung in unserem Wohngebiet funktioniert nicht richtig - viele Nachbarn werfen alles in den Restmüll, weil die Tonnen oft überfüllt sind. Können Sie bitte mehr Container aufstellen oder öfter leeren lassen?",Pfeffenhausen,Gemeinde,Bayern,35-44,male,migrant_non_eu,LAND_16_MW,Thüringen - Ministerium für Wirtschaft,Land,217,32,False,False,True,False,14,6,28,21,5,2,True,True,False,True
ISS_20250613033815_2095,2024-10-23 21:18:00,Wirtschaft,Die Gewerbesteuer für kleine Betriebe in Eicklingen ist viel zu hoch im Vergleich zu den Nachbargemeinden. Dadurch wandern Unternehmen ab und wir verlieren Arbeitsplätze - das schadet unserer ganzen Region wirtschaftlich.,Eicklingen,Gemeinde,Niedersachsen,35-44,male,citizen,LAND_07_MW,Rheinland-Pfalz - Ministerium für Wirtschaft,Land,221,31,False,False,False,False,21,2,23,43,10,4,False,False,False,False
ISS_20250613034244_5824,2023-09-19 23:12:00,Umwelt,Die Mülltrennung in unserem Wohngebiet an der Werderstraße funktioniert nicht richtig - die gelben Säcke werden oft nicht abgeholt und liegen dann wochenlang herum. Das zieht Ungeziefer an und sieht einfach schrecklich aus für unsere Nachbarschaft.,Peine,Stadt,Niedersachsen,35-44,female,citizen,LAND_16_UM,Thüringen - Ministerium für Umwelt,Land,248,36,True,False,True,False,23,1,19,38,9,3,False,False,False,False
ISS_20250613033915_8228,2025-03-04 10:57:00,Bildung,"Die Schulbusse zur Grundschule kommen seit drei Wochen regelmäßig 10-15 Minuten zu spät, wodurch mein Sohn bereits mehrfach den Unterrichtsbeginn verpasst hat. Bitte sorgen Sie dafür, dass die Fahrpläne wieder eingehalten werden.",Schefflenz,Gemeinde,Baden-Württemberg,45-54,female,citizen,LAND_13_BM,Mecklenburg-Vorpommern - Ministerium für Bildung,Land,229,32,True,True,False,False,10,1,4,10,3,1,False,True,True,False
ISS_20250613033702_2973,2025-01-18 10:32:00,Bildung,"Die Heizung in der Grundschule Anderlingen ist seit drei Wochen kaputt. Mein Sohn und seine Klassenkameraden müssen bei 12 Grad im Klassenzimmer lernen, das kann so nicht weitergehen.",Anderlingen,Gemeinde,Niedersachsen,35-44,male,citizen,LAND_12_BM,Brandenburg - Ministerium für Bildung,Land,183,28,False,True,False,False,10,5,18,3,1,1,True,True,True,False
ISS_20250613034152_3836,2024-10-09 12:20:00,Verkehr,"Die Durchfahrtsstraße in Birstein ist viel zu eng für den ganzen Lkw-Verkehr, der hier täglich durchfährt. Meine Kinder können nicht mehr sicher zur Schule laufen, weil die Lastwagen so knapp an den Gehwegen vorbeifahren.",Birstein,Gemeinde,Hessen,35-44,male,citizen,LAND_09_VM,Bayern - Ministerium für Verkehr,Land,221,34,True,True,False,False,12,2,9,41,10,4,False,True,True,True
ISS_20250613034241_8836,2024-04-26 09:49:00,Digitalisierung,"Die Online-Terminbuchung für den Bürgerservice funktioniert seit Wochen nicht richtig - immer wieder Fehlermeldungen. Als berufstätige Mutter kann ich aber nicht einfach spontan vorbeikommen, ich brauche planbare Termine für Behördengänge.",Hofbieber,Gemeinde,Hessen,45-54,female,migrant_eu,BUND_BUNDESMINISTERIUM_FÜR_DIGITALES_UND_VERKEHR,Bundesministerium für Digitales und Verkehr,Bund,239,30,False,False,False,False,9,4,26,17,4,2,False,True,True,False
ISS_20250613034120_9150,2023-05-07 18:35:00,Gesundheit,"Die Wartezeit beim Gesundheitsamt für die Anerkennung meiner ausländischen Arztausbildung dauert bereits acht Monate. Ohne deutsche Approbation kann ich nicht arbeiten und meine Familie nicht ernähren, obwohl Ärzte dringend gebraucht werden.",Waldeck,Stadt,Hessen,55-64,female,migrant_non_eu,LAND_16_GM,Thüringen - Ministerium für Gesundheit,Land,241,31,False,False,False,True,18,6,7,18,5,2,True,False,False,True
ISS_20250613033846_3223,2023-07-30 15:05:00,Umwelt,Die Grünschnittsammelstelle an der Industriestraße ist völlig überfüllt und der Biomüll liegt schon seit Tagen auf dem Gehweg verstreut. Das zieht Ungeziefer an und stinkt furchtbar - meine Nachbarn und ich können kaum noch die Fenster öffnen.,Dettenheim,Gemeinde,Baden-Württemberg,45-54,female,citizen,LAND_12_UM,Brandenburg - Ministerium für Umwelt,Land,243,37,True,False,True,False,15,6,30,30,7,3,True,True,False,True
ISS_20250613033915_5120,2023-09-23 10:39:00,Gesundheit,"Die Wartezeit beim Gesundheitsamt für die Anerkennung meiner ausländischen Impfzertifikate beträgt bereits drei Monate. Meine Kinder können deshalb nicht zur Schule angemeldet werden, obwohl alle Unterlagen vollständig eingereicht wurden.",Idstein,Stadt,Hessen,35-44,female,migrant_eu,LAND_08_GM,Baden-Württemberg - Ministerium für Gesundheit,Land,238,29,False,True,False,False,10,5,23,38,9,3,True,True,True,False
ISS_20250613034254_7900,2023-06-22 02:01:00,Bildung,Die Toiletten in der örtlichen Grundschule sind seit Monaten in einem unhygienischen Zustand. Mein Sohn berichtet von defekten Spülungen und fehlender Seife - das ist untragbar für die Gesundheit der Kinder.,Sirksfelde,Gemeinde,Schleswig-Holstein,45-54,male,citizen,LAND_03_BM,Niedersachsen - Ministerium für Bildung,Land,207,31,False,True,False,False,2,3,22,25,6,2,False,False,False,False
ISS_20250613034208_4221,2023-01-01 13:27:00,Migration,"Die Wartezeiten im Bürgerbüro sind seit Monaten unerträglich geworden. Für einen einfachen Personalausweis muss man über drei Stunden warten, weil zu wenig Personal da ist und die Bearbeitung viel zu lange dauert.",Nossen,Stadt,Sachsen,35-44,female,citizen,LAND_11_SM,Berlin - Ministerium für Soziales,Land,213,32,False,False,False,False,13,6,1,52,1,1,True,True,False,True
ISS_20250613034205_1316,2023-07-05 10:05:00,Digitalisierung,"Das Online-Portal der Gemeinde ist eine Katastrophe - ständig stürzt es ab, wenn ich versuche, meinen Personalausweis zu beantragen. Nach drei Versuchen gebe ich auf und muss wieder persönlich ins Rathaus fahren, obwohl das digital gehen sollte.",Kirchdorf,Gemeinde,Niedersachsen,45-54,female,citizen,BUND_BUNDESMINISTERIUM_FÜR_DIGITALES_UND_VERKEHR,Bundesministerium für Digitales und Verkehr,Bund,245,37,False,False,False,False,10,2,5,27,7,3,False,True,True,False
ISS_20250613033817_9198,2024-05-25 23:30:00,Gesundheit,"Die Wartezeit beim Hausarzt hier in Wörth ist unmöglich geworden - drei Wochen für einen normalen Termin! Meine Tochter war krank und wir mussten ins Krankenhaus fahren, weil kein Arzt Zeit hatte.",Wörth a.Main,Stadt,Bayern,25-34,female,citizen,LAND_02_SM,Hamburg - Ministerium für Soziales,Land,196,32,False,False,False,True,23,5,25,21,5,2,True,False,False,False
ISS_20250613033838_7891,2023-05-10 07:54:00,Gesundheit,Die Wartezeit für einen Facharzttermin beim Orthopäden hier in Lenggries beträgt über vier Monate. Als berufstätige Mutter mit Rückenproblemen ist das untragbar - wir brauchen dringend mehr Fachärzte in unserer Gemeinde.,Lenggries,Gemeinde,Bayern,45-54,female,citizen,LAND_08_GM,Baden-Württemberg - Ministerium für Gesundheit,Land,220,31,False,False,False,True,7,2,10,19,5,2,False,False,True,False
ISS_20250613033722_5702,2023-09-12 02:05:00,Wirtschaft,Die Gewerbesteuer für kleine Betriebe in Bockhorn ist viel zu hoch im Vergleich zu Nachbargemeinden. Dadurch wandern Unternehmen ab und wir verlieren Arbeitsplätze - das schadet unserer ganzen Region wirtschaftlich.,Bockhorn,Gemeinde,Niedersachsen,25-34,male,citizen,LAND_05_MW,Nordrhein-Westfalen - Ministerium für Wirtschaft,Land,215,30,False,False,False,False,2,1,12,37,9,3,False,False,False,False
ISS_20250613034009_1809,2024-04-28 07:24:00,Migration,"""Die Bearbeitung meines Antrags auf Familienzusammenführung für meine Verlobte dauert bereits über ein Jahr. Ich bekomme keine klaren Auskünfte über den Stand und wann endlich eine Entscheidung getroffen wird.""",Bunde,Gemeinde,Niedersachsen,18-24,male,citizen,LAND_10_SM,Saarland - Ministerium für Soziales,Land,210,29,False,False,False,False,7,6,28,17,4,2,True,False,True,False
ISS_20250613033656_5616,2023-11-02 09:57:00,Digitalisierung,"Die Online-Terminbuchung für das Bürgerbüro ist seit Tagen nicht erreichbar und am Telefon ist ständig besetzt. Für einen einfachen Personalausweis-Antrag muss ich jetzt extra einen Tag Urlaub nehmen, weil die Digitalisierung hier nicht funktioniert.",Viersen,Stadt,Nordrhein-Westfalen,35-44,female,citizen,BUND_BUNDESMINISTERIUM_FÜR_DIGITALES_UND_VERKEHR,Bundesministerium für Digitales und Verkehr,Bund,250,34,False,False,False,False,9,3,2,44,11,4,False,True,True,False
ISS_20250613034036_9580,2025-03-28 08:21:00,Sicherheit,Der Gehweg entlang der Schulstraße ist abends völlig unbeleuchtet und durch Wurzelschäden sehr uneben. Besonders für ältere Bürger und Schulkinder ist das ein echtes Sicherheitsrisiko - ich bin selbst schon zweimal gestolpert.,Tyrlaching,Gemeinde,Bayern,45-54,female,citizen,LAND_07_UM,Rheinland-Pfalz - Ministerium für Umwelt,Land,226,32,True,False,False,False,8,4,28,13,3,1,False,True,True,False
ISS_20250613033701_1019,2024-03-21 09:29:00,Umwelt,"Die Mülleimer im Kurpark sind seit Tagen überfüllt und der Müll liegt überall verstreut herum. Das sieht nicht nur unschön aus, sondern lockt auch Ungeziefer an - bitte um schnelle Leerung der Behälter.",Bad Wurzach,Stadt,Baden-Württemberg,25-34,female,citizen,LAND_10_MW,Saarland - Ministerium für Wirtschaft,Land,202,33,False,False,True,False,9,3,21,12,3,1,False,True,True,False
ISS_20250613033740_4461,2024-12-19 05:20:00,Gesundheit,"Der Hausarzt in unserem Ortsteil hat seine Praxis geschlossen und der nächste Arzt ist 15 Kilometer entfernt. Für ältere Bürger ohne Auto ist das ein echtes Problem, besonders bei Notfällen oder regelmäßigen Kontrollterminen.",Hürtgenwald,Gemeinde,Nordrhein-Westfalen,55-64,female,citizen,LAND_13_GM,Mecklenburg-Vorpommern - Ministerium für Gesundheit,Land,225,33,False,False,False,True,5,3,19,51,12,4,False,False,False,False
ISS_20250613033743_6900,2025-06-05 02:20:00,Bildung,"Mein Sohn bekommt in der Grundschule keinen Deutschförderunterricht, obwohl er als Nicht-EU-Bürger zusätzliche Sprachunterstützung braucht. Die Schule sagt, es gibt keine freien Plätze, aber ohne diese Hilfe kann er dem Unterricht nicht folgen.",Bretzfeld,Gemeinde,Baden-Württemberg,25-34,female,migrant_non_eu,LAND_15_BM,Sachsen-Anhalt - Ministerium für Bildung,Land,244,33,False,True,False,False,2,3,5,23,6,2,False,False,False,False
ISS_20250613033810_2838,2023-05-23 11:33:00,Bildung,"Die Schulbusse zur Grundschule kommen regelmäßig 15-20 Minuten zu spät, wodurch mein Sohn täglich den ersten Unterrichtsblock verpasst. Trotz mehrfacher Beschwerden bei der Gemeindeverwaltung hat sich nichts geändert - das kann so nicht weitergehen.",Lipprechterode,Gemeinde,Thüringen,25-34,female,citizen,LAND_13_BM,Mecklenburg-Vorpommern - Ministerium für Bildung,Land,249,34,True,True,False,False,11,1,23,21,5,2,False,True,True,False
ISS_20250613033958_1497,2024-05-30 13:34:00,Verkehr,Die Bushaltestelle am Marktplatz hat kein Wartehäuschen und keine Bank. Bei schlechtem Wetter und in meinem Alter ist das Warten sehr beschwerlich. Bitte stellen Sie endlich eine überdachte Wartegelegenheit mit Sitzplatz auf.,Furth im Wald,Stadt,Bayern,65+,female,citizen,LAND_03_VM,Niedersachsen - Ministerium für Verkehr,Land,225,32,True,False,False,False,13,3,30,22,5,2,False,True,False,True
ISS_20250613033819_2383,2023-11-22 03:50:00,Gesundheit,"Die Wartezeit beim Hausarzt in Massenbachhausen ist unmöglich geworden - für einen normalen Termin muss ich drei Wochen warten. Als berufstätige Mutter mit zwei Kindern ist das nicht machbar, besonders wenn die Kleinen krank sind.",Massenbachhausen,Gemeinde,Baden-Württemberg,35-44,female,migrant_eu,LAND_16_GM,Thüringen - Ministerium für Gesundheit,Land,230,35,False,False,False,True,3,2,22,47,11,4,False,False,False,False
ISS_20250613033657_3982,2024-03-08 10:14:00,Gesundheit,"Die Wartezeit beim Hausarzt in Ostbevern beträgt mittlerweile über drei Wochen für einen normalen Termin. Als berufstätige Mutter ist es unmöglich, spontan einen Arzt zu erreichen, wenn mein Kind krank wird - das kann so nicht weitergehen.",Ostbevern,Gemeinde,Nordrhein-Westfalen,25-34,female,citizen,LAND_11_GM,Berlin - Ministerium für Gesundheit,Land,239,37,False,False,False,True,10,4,8,10,3,1,False,True,True,False
ISS_20250613033706_4864,2024-03-23 15:56:00,Bildung,Die Kita meines Sohnes hat seit drei Monaten nur noch verkürzte Öffnungszeiten wegen Personalmangel. Als berufstätige Mutter kann ich so nicht arbeiten und brauche dringend eine Lösung für die Betreuung am Nachmittag.,Ebstorf,Gemeinde,Niedersachsen,25-34,female,citizen,LAND_07_BM,Rheinland-Pfalz - Ministerium für Bildung,Land,217,32,False,True,False,False,15,5,23,12,3,1,True,True,False,True
ISS_20250613034011_4444,2024-01-29 11:08:00,Umwelt,"Der Grünschnitt am Radweg zwischen Wilhelmsburg und dem Nachbardorf wird seit Monaten nicht mehr gemäht. Die Brennnesseln und Dornen wachsen schon auf den Weg und man kann kaum noch sicher fahren, besonders mit dem Mountainbike.",Wilhelmsburg,Gemeinde,Mecklenburg-Vorpommern,18-24,male,citizen,LAND_09_UM,Bayern - Ministerium für Umwelt,Land,228,35,False,False,True,False,11,0,29,5,1,1,False,True,True,False
ISS_20250613034040_7916,2024-01-25 10:06:00,Digitalisierung,"Das Online-Portal der Stadt funktioniert bei mir nicht richtig - die Seiten laden ewig langsam und ich kann keine Formulare ausfüllen. Meine Enkelin musste mir helfen, aber selbst sie kam nicht weiter. Wann wird das endlich repariert?",Drebkau,Stadt,Brandenburg,65+,female,citizen,BUND_BUNDESMINISTERIUM_FÜR_DIGITALES_UND_VERKEHR,Bundesministerium für Digitales und Verkehr,Bund,234,37,False,False,False,False,10,3,25,4,1,1,False,True,True,False
ISS_20250613034039_2983,2025-01-27 02:36:00,Wirtschaft,Die Gewerbesteuer für kleine Betriebe in Dummerstorf ist viel zu hoch im Vergleich zu Nachbargemeinden. Dadurch wandern Unternehmen ab und wir verlieren Arbeitsplätze - das schadet unserer ganzen Region wirtschaftlich.,Dummerstorf,Gemeinde,Mecklenburg-Vorpommern,25-34,female,citizen,LAND_04_FM,Bremen - Ministerium der Finanzen,Land,218,30,False,False,False,False,2,0,27,5,1,1,False,False,False,False
ISS_20250613033940_9743,2023-01-05 22:22:00,Migration,"""Die Bearbeitung meines Antrags auf Familienzusammenführung dauert bereits acht Monate ohne jede Rückmeldung. Ich brauche dringend Informationen zum Stand des Verfahrens, da mein Partner weiterhin im Ausland warten muss.""",Karolinenkoog,Gemeinde,Schleswig-Holstein,18-24,female,citizen,LAND_07_SM,Rheinland-Pfalz - Ministerium für Soziales,Land,221,29,False,False,False,False,22,3,5,1,1,1,False,False,False,False
ISS_20250613033652_6157,2025-05-07 11:42:00,Wirtschaft,"Die Gewerbeanmeldung für meinen kleinen Reparaturservice dauert jetzt schon drei Monate. Ich brauche dringend die Genehmigung, um arbeiten zu können und meine Familie zu ernähren, aber das Amt gibt mir keine klaren Antworten.",Rhede (Ems),Gemeinde,Niedersachsen,35-44,male,migrant_non_eu,LAND_02_FM,Hamburg - Ministerium der Finanzen,Land,225,33,False,False,False,False,11,2,7,19,5,2,False,True,True,False
ISS_20250613033655_2493,2023-10-11 09:02:00,Gesundheit,"Die Wartezeit für einen Facharzttermin beim Orthopäden in Krefeld beträgt über vier Monate. Meine Rückenschmerzen verschlimmern sich täglich, aber ich bekomme keinen Termin. Das ist untragbar für berufstätige Menschen wie mich.",Krefeld,Stadt,Nordrhein-Westfalen,45-54,male,citizen,LAND_14_SM,Sachsen - Ministerium für Soziales,Land,227,31,False,False,False,True,9,2,11,41,10,4,False,True,True,False
ISS_20250613034234_5209,2023-05-02 08:26:00,Digitalisierung,Das Online-Portal für den Studentenausweis ist total kompliziert und nur auf Deutsch verfügbar. Als EU-Studentin verstehe ich die Hälfte der Formulare nicht und brauche ständig Hilfe - warum gibt es keine englische Version?,Königsberg i.Bay.,Stadt,Bayern,18-24,female,migrant_eu,BUND_BUNDESMINISTERIUM_FÜR_DIGITALES_UND_VERKEHR,Bundesministerium für Digitales und Verkehr,Bund,223,33,False,False,False,False,8,1,2,18,5,2,False,True,True,False
ISS_20250613033816_8207,2024-02-06 13:59:00,Wirtschaft,Die Gewerbesteuer für kleine Betriebe in Gabsheim ist viel zu hoch im Vergleich zu den Nachbargemeinden. Dadurch wandern Unternehmen ab und wir verlieren Arbeitsplätze - das schadet unserer ganzen Region wirtschaftlich.,Gabsheim,Gemeinde,Rheinland-Pfalz,45-54,male,citizen,LAND_15_FM,Sachsen-Anhalt - Ministerium der Finanzen,Land,219,31,False,False,False,False,13,1,6,6,2,1,False,True,False,True
ISS_20250613034001_7868,2024-05-18 16:33:00,Bildung,"Die Schulbusse in unserer Gemeinde kommen regelmäßig 15-20 Minuten zu spät, wodurch mein Sohn bereits mehrfach den ersten Unterricht verpasst hat. Das kann so nicht weitergehen, die Kinder haben ein Recht auf pünktlichen Transport zur Schule.",Borkow,Gemeinde,Mecklenburg-Vorpommern,45-54,male,citizen,LAND_06_BM,Hessen - Ministerium für Bildung,Land,242,36,True,True,False,False,16,5,18,20,5,2,True,True,False,True
ISS_20250613033759_9637,2024-06-19 13:10:00,Verkehr,"Die Bushaltestelle an der Dorfstraße hat kein Wartehäuschen und bei Regen stehen die Fahrgäste völlig im Nassen. Besonders für ältere Bürger ist das unzumutbar, wenn der Bus mal wieder Verspätung hat.",Böhen,Gemeinde,Bayern,55-64,female,citizen,LAND_08_VM,Baden-Württemberg - Ministerium für Verkehr,Land,200,31,True,False,False,False,13,2,19,25,6,2,False,True,False,True
ISS_20250613033929_3014,2023-06-28 14:33:00,Sicherheit,Der Fußweg zur Bushaltestelle an der Dorfstraße ist abends völlig unbeleuchtet und durch die Baustelle sehr uneben geworden. Als Frau traue ich mich dort nach Einbruch der Dunkelheit nicht mehr lang zu gehen - das ist ein Sicherheitsrisiko.,Schönwalde am Bungsberg,Gemeinde,Schleswig-Holstein,45-54,female,citizen,LAND_10_IM,Saarland - Ministerium des Innern,Land,240,38,True,False,False,False,14,2,28,26,6,2,False,True,False,True
ISS_20250613033741_9131,2024-04-24 11:50:00,Wirtschaft,"Die Jobsuche nach meinem Studium ist hoffnungslos - überall werden nur Leute mit Berufserfahrung gesucht. Wie soll ich denn Erfahrung sammeln, wenn mir niemand eine Chance gibt? Die Stadt sollte mehr Praktikumsplätze für Absolventen schaffen.",Stuttgart,Stadt,Baden-Württemberg,18-24,male,citizen,LAND_02_FM,Hamburg - Ministerium der Finanzen,Land,242,35,False,False,False,False,11,2,24,17,4,2,False,True,True,False
ISS_20250613033736_9594,2023-03-18 13:20:00,Digitalisierung,"Die Online-Terminbuchung für den Personalausweis auf der Gemeinde-Website funktioniert seit Wochen nicht richtig - man kann zwar Termine auswählen, aber bekommt keine Bestätigung. Telefonisch ist niemand erreichbar, das ist echt frustrierend in 2024.",Vollersode,Gemeinde,Niedersachsen,25-34,male,citizen,BUND_BUNDESMINISTERIUM_FÜR_DIGITALES_UND_VERKEHR,Bundesministerium für Digitales und Verkehr,Bund,250,33,False,False,False,False,13,5,18,11,3,1,True,True,False,True
ISS_20250613034056_3920,2024-03-03 05:12:00,Bildung,"Mein Sohn bekommt in der Grundschule Feilbingert keinen Deutsch-Förderunterricht mehr, obwohl er als EU-Bürger Anspruch darauf hat. Die Schule sagt, es gibt keine Kapazitäten, aber ohne zusätzliche Unterstützung wird er den Anschluss verlieren.",Feilbingert,Gemeinde,Rheinland-Pfalz,35-44,male,migrant_eu,LAND_11_BM,Berlin - Ministerium für Bildung,Land,244,33,False,True,False,False,5,6,3,9,3,1,True,False,False,False
ISS_20250613034220_6858,2024-06-25 08:30:00,Bildung,"In unserer Berufsschule gibt es keine Deutschkurse für Schüler mit Migrationshintergrund. Viele von uns haben Schwierigkeiten dem Unterricht zu folgen und brauchen zusätzliche Sprachförderung, um die Ausbildung erfolgreich abzuschließen.",Krauschwitz i.d.O.L.,Gemeinde,Sachsen,18-24,diverse,migrant_non_eu,LAND_04_BM,Bremen - Ministerium für Bildung,Land,237,29,False,True,False,False,8,1,25,26,6,2,False,True,True,False
ISS_20250613034124_9260,2023-12-18 14:26:00,Migration,"Die Bearbeitungszeiten für Anträge im Bürgerbüro haben sich seit Monaten extrem verlängert. Man wartet wochenlang auf Termine und dann nochmal ewig auf die Dokumente - das kann so nicht weitergehen, besonders wenn man arbeiten muss.",Evessen,Gemeinde,Niedersachsen,35-44,female,citizen,LAND_14_SM,Sachsen - Ministerium für Soziales,Land,232,35,False,False,False,False,14,0,18,51,12,4,False,True,False,True
ISS_20250613034257_1536,2023-11-19 11:31:00,Gesundheit,Die Wartezeit beim Hausarzt in Hoppegarten beträgt mittlerweile über drei Wochen für einen normalen Termin. Als Rentnerin mit chronischen Beschwerden ist das untragbar - wir brauchen dringend mehr Ärzte in der Gemeinde.,Hoppegarten,Gemeinde,Brandenburg,65+,female,citizen,LAND_07_GM,Rheinland-Pfalz - Ministerium für Gesundheit,Land,219,32,False,False,False,True,11,6,19,46,11,4,True,True,True,False
ISS_20250613033850_9103,2023-01-29 07:39:00,Gesundheit,"Die Wartezeit für einen Facharzttermin beim Gynäkologen beträgt über vier Monate, obwohl ich dringend eine Untersuchung brauche. Als Nicht-EU-Bürgerin finde ich kaum Ärzte, die meine Versicherung akzeptieren und noch Termine frei haben.",Berlin,Stadt,Berlin,35-44,female,migrant_non_eu,LAND_02_SM,Hamburg - Ministerium für Soziales,Land,236,32,False,False,False,True,7,6,29,4,1,1,True,False,True,False
ISS_20250613034124_1821,2024-06-10 11:15:00,Wirtschaft,"Die Gewerbeanmeldung für meinen kleinen Reparaturservice dauert jetzt schon über drei Monate. Als EU-Bürger sollte das doch schneller gehen - ich kann nicht arbeiten und meine Familie ernähren, solange nichts passiert.",Sontra,Stadt,Hessen,45-54,male,migrant_eu,LAND_09_FM,Bayern - Ministerium der Finanzen,Land,218,31,False,False,False,False,11,0,10,24,6,2,False,True,True,False
ISS_20250613034152_8697,2025-03-26 12:11:00,Wirtschaft,"Die örtlichen Geschäfte in Michelbach sterben aus, weil keine jungen Unternehmer mehr kommen. Die Gemeinde sollte endlich Anreize schaffen und nicht nur zusehen, wie unser Ortskern immer leerer wird.",Michelbach an der Bilz,Gemeinde,Baden-Württemberg,65+,male,citizen,LAND_13_MW,Mecklenburg-Vorpommern - Ministerium für Wirtschaft,Land,199,29,False,False,False,False,12,2,26,13,3,1,False,True,True,True
ISS_20250613033915_6137,2025-05-07 03:23:00,Wirtschaft,"Die Gewerbeanmeldung für meinen kleinen Online-Shop dauert jetzt schon drei Monate, obwohl alle Unterlagen vollständig eingereicht wurden. Durch die Verzögerung kann ich nicht legal verkaufen und verliere täglich Kunden an die Konkurrenz.",Andervenne,Gemeinde,Niedersachsen,35-44,female,citizen,LAND_06_MW,Hessen - Ministerium für Wirtschaft,Land,238,32,False,False,False,False,3,2,7,19,5,2,False,False,False,False
ISS_20250613033649_5714,2024-01-09 13:17:00,Bildung,Die Turnhalle der Grundschule ist seit drei Monaten wegen Wasserschäden gesperrt. Mein Sohn hat seitdem keinen Sportunterricht mehr und die Kinder müssen bei schlechtem Wetter in der Klasse bleiben. Wann wird endlich repariert?,Geldern,Stadt,Nordrhein-Westfalen,35-44,female,citizen,LAND_03_BM,Niedersachsen - Ministerium für Bildung,Land,227,33,False,True,False,False,13,1,9,2,1,1,False,True,False,True
ISS_20250613034012_6468,2023-05-22 11:30:00,Sicherheit,Der Spielplatz an der Geiseltalseestraße ist abends völlig unbeleuchtet und wird regelmäßig von Jugendlichen für Alkoholkonsum genutzt. Zerbrochene Flaschen und Vandalismus machen den Platz für Familien tagsüber gefährlich und unbrauchbar.,Mücheln (Geiseltal),Stadt,Sachsen-Anhalt,35-44,male,citizen,LAND_05_UM,Nordrhein-Westfalen - Ministerium für Umwelt,Land,239,30,True,False,False,False,11,0,22,21,5,2,False,True,True,False
ISS_20250613033659_9430,2024-07-26 01:08:00,Sicherheit,"Die Straßenbeleuchtung in der Kirchgasse ist seit Wochen kaputt, wodurch der Weg zur Bushaltestelle abends völlig dunkel ist. Als älterer Bürger fühle ich mich unsicher und habe Angst zu stürzen oder überfallen zu werden.",Biburg,Gemeinde,Bayern,55-64,male,citizen,LAND_14_UM,Sachsen - Ministerium für Umwelt,Land,221,34,True,False,False,False,1,4,26,30,7,3,False,False,False,False
ISS_20250613034049_7160,2024-03-17 18:37:00,Migration,"Die Bearbeitung meines Antrags auf Familienzusammenführung für meinen Ehemann dauert bereits acht Monate ohne jede Rückmeldung vom Amt. Ich brauche endlich eine Auskunft über den Stand des Verfahrens, da die Ungewissheit sehr belastend ist.",Hamburg,Stadt,Hamburg,45-54,female,citizen,LAND_13_SM,Mecklenburg-Vorpommern - Ministerium für Soziales,Land,240,34,False,False,False,False,18,6,17,11,3,1,True,False,False,True
ISS_20250613034036_8673,2024-03-06 11:22:00,Verkehr,"Die Bushaltestelle an der Dorfstraße hat seit Monaten kein Wartehäuschen mehr, nachdem es bei einem Unfall beschädigt wurde. Bei Regen und Schnee müssen wir komplett ungeschützt auf den Bus warten, das ist unzumutbar.",Hetschburg,Gemeinde,Thüringen,25-34,male,citizen,LAND_10_VM,Saarland - Ministerium für Verkehr,Land,217,33,True,False,False,False,11,2,6,10,3,1,False,True,True,False
ISS_20250613033730_5033,2025-04-12 13:53:00,Gesundheit,Die Wartezeit beim Hausarzt in Remmels beträgt mittlerweile über drei Wochen für einen normalen Termin. Als Rentner mit chronischen Beschwerden ist das untragbar - wir brauchen dringend mehr Ärzte in der Gemeinde.,Remmels,Gemeinde,Schleswig-Holstein,65+,male,citizen,LAND_05_GM,Nordrhein-Westfalen - Ministerium für Gesundheit,Land,213,32,False,False,False,True,13,5,12,15,4,2,True,True,False,True
ISS_20250613034228_6595,2025-05-09 01:13:00,Migration,Die Wartezeiten im Bürgerbüro sind seit Monaten unerträglich geworden - für einen einfachen Passantrag muss man über drei Stunden warten. Das Personal scheint völlig überlastet zu sein und die Terminvergabe funktioniert nicht richtig.,Hilpoltstein,Stadt,Bayern,35-44,female,citizen,LAND_11_SM,Berlin - Ministerium für Soziales,Land,234,33,False,False,False,False,1,4,9,19,5,2,False,False,False,False
ISS_20250613033701_2354,2025-05-11 01:54:00,Verkehr,Die Schlaglöcher in der Ribnitzer Straße sind eine Katastrophe - mein Auto hat schon zweimal Schäden davongetragen. Wann wird die Straße endlich richtig saniert und nicht nur notdürftig geflickt?,Marlow,Stadt,Mecklenburg-Vorpommern,25-34,male,citizen,LAND_07_VM,Rheinland-Pfalz - Ministerium für Verkehr,Land,195,29,True,False,False,False,1,6,11,19,5,2,True,False,False,False
ISS_20250613033940_1548,2023-06-14 07:44:00,Sicherheit,"In der Unterführung am Bahnhof Bad Oeynhausen ist abends oft kein Licht an und es hängen komische Typen rum. Als junger Mann fühle ich mich da nicht sicher, besonders wenn ich spät von der Arbeit komme.",Bad Oeynhausen,Stadt,Nordrhein-Westfalen,18-24,male,citizen,LAND_16_IM,Thüringen - Ministerium des Innern,Land,202,36,True,False,False,False,7,2,14,24,6,2,False,False,True,False
ISS_20250613033648_2496,2023-03-24 16:46:00,Migration,"Die Wartezeiten im Ausländeramt sind unmöglich - meine Nachbarin wartet seit drei Monaten auf einen Termin für die Verlängerung ihrer Aufenthaltserlaubnis. Das kann doch nicht sein, dass arbeitende Menschen so lange im Ungewissen bleiben müssen.",Herne,Stadt,Nordrhein-Westfalen,35-44,female,citizen,LAND_02_SM,Hamburg - Ministerium für Soziales,Land,245,35,False,False,False,False,16,4,24,12,3,1,False,True,False,True
ISS_20250613034250_1861,2024-07-13 14:30:00,Umwelt,"Der Wertstoffcontainer am Bahnhof quillt seit Wochen über und der Müll liegt überall verstreut rum. Das sieht nicht nur eklig aus, sondern lockt auch Ungeziefer an - können Sie das bitte endlich mal abholen lassen?",Steyerberg,Gemeinde,Niedersachsen,18-24,female,citizen,LAND_09_UM,Bayern - Ministerium für Umwelt,Land,214,35,True,False,True,False,14,5,13,28,7,3,True,True,False,True
ISS_20250613033706_2932,2025-03-05 21:56:00,Sicherheit,"Die Straßenbeleuchtung in der Schlossstraße ist seit Wochen kaputt, wodurch der Gehweg abends völlig dunkel ist. Als Vater von zwei Kindern mache ich mir Sorgen um die Sicherheit, besonders für ältere Mitbürger und Kinder auf dem Schulweg.",Rastenberg,Stadt,Thüringen,35-44,male,citizen,LAND_01_UM,Schleswig-Holstein - Ministerium für Umwelt,Land,239,37,True,False,False,False,21,2,5,10,3,1,False,False,False,False
ISS_20250613034049_4170,2023-07-28 06:26:00,Digitalisierung,"Das Online-Portal der Gemeinde ist ständig überlastet und funktioniert nicht richtig. Ich kann seit Wochen keinen Termin für meinen neuen Personalausweis buchen, weil die Seite immer abstürzt oder ewig lädt.",Wiek,Gemeinde,Mecklenburg-Vorpommern,35-44,male,citizen,BUND_BUNDESMINISTERIUM_FÜR_DIGITALES_UND_VERKEHR,Bundesministerium für Digitales und Verkehr,Bund,207,30,False,False,False,False,6,4,28,30,7,3,False,False,True,False
ISS_20250613033958_3001,2024-08-23 11:49:00,Gesundheit,"Der Hausarzt in Alt Krenzlin ist seit drei Monaten in Rente und es gibt keinen Nachfolger. Für jeden Arzttermin muss ich jetzt 25 Kilometer nach Parchim fahren, was besonders für ältere Bürger ohne Auto ein großes Problem darstellt.",Alt Krenzlin,Gemeinde,Mecklenburg-Vorpommern,45-54,male,citizen,LAND_04_SM,Bremen - Ministerium für Soziales,Land,232,38,False,False,False,True,11,4,23,34,8,3,False,True,True,False
ISS_20250613033938_7229,2024-09-08 11:56:00,Verkehr,"Die Bushaltestelle an der Dorfstraße hat kein Wartehäuschen und bei Regen stehen alle Fahrgäste im Wasser. Besonders mit kleinen Kindern ist das sehr schwierig, bitte um eine überdachte Wartestelle.",Dohren,Gemeinde,Niedersachsen,25-34,female,migrant_non_eu,LAND_04_VM,Bremen - Ministerium für Verkehr,Land,198,29,True,False,False,False,11,6,8,36,9,3,True,True,True,False
ISS_20250613034202_3466,2024-02-14 11:27:00,Bildung,"Die Schulbuslinie zur Grundschule fährt seit drei Wochen unregelmäßig, meine Enkelin kommt ständig zu spät zum Unterricht. Als Rentner kann ich nicht jeden Tag fahren - die Gemeinde muss endlich für verlässliche Beförderung sorgen.",Sonnenbühl,Gemeinde,Baden-Württemberg,65+,male,citizen,LAND_07_BM,Rheinland-Pfalz - Ministerium für Bildung,Land,231,34,True,True,False,False,11,2,14,7,2,1,False,True,True,False
ISS_20250613033936_2140,2025-06-01 14:39:00,Migration,"Die Bearbeitung meines Antrags auf Familienzusammenführung für meinen Schwiegersohn dauert bereits acht Monate ohne jede Rückmeldung. Ich bitte um eine Statusmitteilung, da meine Tochter und ihr Mann endlich zusammenleben möchten.",Mehren,Gemeinde,Rheinland-Pfalz,55-64,female,citizen,LAND_02_SM,Hamburg - Ministerium für Soziales,Land,230,30,False,False,False,False,14,6,1,22,6,2,True,True,False,True
ISS_20250613034253_7225,2024-04-16 12:38:00,Digitalisierung,Die Online-Terminbuchung für das Bürgerbüro funktioniert seit Wochen nicht richtig - man kann keine Termine buchen und die Telefonnummer ist ständig besetzt. Für einfache Anliegen wie Personalausweis verlängern muss man jetzt stundenlang anstehen.,Buch,Gemeinde,Bayern,35-44,female,citizen,BUND_BUNDESMINISTERIUM_FÜR_DIGITALES_UND_VERKEHR,Bundesministerium für Digitales und Verkehr,Bund,247,33,False,False,False,False,12,1,16,16,4,2,False,True,True,True
ISS_20250613034237_8627,2024-06-09 11:13:00,Wirtschaft,"Die Gewerbeanmeldung für meinen kleinen Handwerksbetrieb dauert bereits seit drei Monaten - ständig werden neue Unterlagen verlangt und niemand kann mir sagen, wann endlich eine Entscheidung fällt. So kann ich nicht arbeiten und Geld verdienen.",Vielank,Gemeinde,Mecklenburg-Vorpommern,25-34,male,citizen,LAND_14_FM,Sachsen - Ministerium der Finanzen,Land,244,35,False,False,False,False,11,6,9,23,6,2,True,True,True,False
ISS_20250613034120_2217,2024-03-08 11:27:00,Wirtschaft,"Die Bearbeitung meines Gewerbescheins dauert bereits drei Monate, obwohl alle Unterlagen vollständig eingereicht wurden. Mein kleiner Friseursalon kann nicht eröffnen und ich verliere täglich Kunden an die Konkurrenz - das kostet mich meine Existenz.",Gardelegen,Stadt,Sachsen-Anhalt,35-44,female,migrant_eu,LAND_05_MW,Nordrhein-Westfalen - Ministerium für Wirtschaft,Land,250,34,False,False,False,False,11,4,8,10,3,1,False,True,True,False
ISS_20250613034209_3892,2023-10-04 09:27:00,Gesundheit,"Die Wartezeit beim Hausarzt in Insingen beträgt mittlerweile über drei Wochen für einen normalen Termin. Als berufstätige Mutter ist es unmöglich, spontan während der wenigen Sprechstunden vorbeizukommen, wenn man krank ist.",Insingen,Gemeinde,Bayern,35-44,female,citizen,LAND_02_SM,Hamburg - Ministerium für Soziales,Land,224,31,False,False,False,True,9,2,4,40,10,4,False,True,True,False
ISS_20250613033841_3454,2023-04-12 23:46:00,Wirtschaft,"Die örtlichen Geschäfte in der Hauptstraße stehen seit Monaten leer, weil die Mieten viel zu hoch sind. Unsere Gemeinde verliert dadurch ihre Attraktivität und die wenigen verbliebenen Läden kämpfen ums Überleben.",Schmalenberg,Gemeinde,Rheinland-Pfalz,55-64,female,citizen,LAND_07_FM,Rheinland-Pfalz - Ministerium der Finanzen,Land,213,31,True,False,False,False,23,2,12,15,4,2,False,False,False,False
ISS_20250613033925_1290,2023-08-14 11:16:00,Sicherheit,"Die Straßenbeleuchtung in der Schillerstraße ist seit drei Wochen kaputt, wodurch der Gehweg abends völlig dunkel ist. Als berufstätige Mutter fühle ich mich sehr unsicher, wenn ich spät von der Arbeit nach Hause laufe.",Rudolstadt,Stadt,Thüringen,35-44,female,citizen,LAND_10_UM,Saarland - Ministerium für Umwelt,Land,219,34,True,False,False,False,11,0,14,33,8,3,False,True,True,False
ISS_20250613033958_9954,2025-06-12 14:03:00,Gesundheit,Die Wartezeit für einen Facharzttermin beim Orthopäden hier in Baiersbronn beträgt über vier Monate. Als Rentner mit Rückenproblemen ist das unzumutbar - es gibt viel zu wenige Fachärzte in unserer Region.,Baiersbronn,Gemeinde,Baden-Württemberg,55-64,male,citizen,LAND_07_SM,Rheinland-Pfalz - Ministerium für Soziales,Land,205,31,False,False,False,True,14,3,12,24,6,2,False,True,False,True
ISS_20250613034009_5710,2024-03-26 20:37:00,Sicherheit,"Der Fußweg entlang der Neustädter Straße ist abends völlig unbeleuchtet und sehr gefährlich. Besonders für ältere Bürger ist das Sturzrisiko hoch, da man die Gehwegplatten und Schlaglöcher nicht sehen kann.",Titisee-Neustadt,Stadt,Baden-Württemberg,45-54,male,citizen,LAND_09_UM,Bayern - Ministerium für Umwelt,Land,206,30,True,False,False,False,20,1,26,13,3,1,False,False,False,False
ISS_20250613034259_2995,2025-04-01 20:27:00,Migration,"Die Sprachkurse für Geflüchtete in unserer Gemeinde sind völlig überfüllt und chaotisch organisiert. Meine Nachbarn warten seit Monaten auf einen Platz, während die Integration dadurch blockiert wird - das kann so nicht weitergehen.",Hambergen,Gemeinde,Niedersachsen,45-54,male,citizen,LAND_02_SM,Hamburg - Ministerium für Soziales,Land,232,33,False,False,False,False,20,1,1,14,4,2,False,False,False,False
ISS_20250613033706_4459,2023-07-05 12:26:00,Umwelt,Die Grünschnittsammelstelle an der Industriestraße ist völlig überfüllt und der Biomüll liegt überall verstreut herum. Das stinkt furchtbar und lockt Ungeziefer an - meine Nachbarn und ich können kaum noch die Fenster öffnen.,Wertheim,Stadt,Baden-Württemberg,45-54,female,citizen,LAND_11_MW,Berlin - Ministerium für Wirtschaft,Land,225,33,True,False,True,False,12,2,5,27,7,3,False,True,True,True
ISS_20250613033746_9040,2023-07-29 09:37:00,Umwelt,"Die Bayer-Werke stoßen nachts wieder verstärkt übelriechende Dämpfe aus, die bis in unser Wohngebiet ziehen. Meine Nachbarn und ich können bei dem Gestank kaum noch die Fenster öffnen - das kann doch nicht gesund sein!",Leverkusen,Stadt,Nordrhein-Westfalen,25-34,diverse,citizen,LAND_02_UM,Hamburg - Ministerium für Umwelt,Land,218,35,False,False,False,False,9,5,29,30,7,3,True,True,True,False
ISS_20250613033915_9765,2023-08-12 03:56:00,Wirtschaft,"Die örtlichen Geschäfte in Nortmoor schließen einer nach dem anderen, weil keine Nachfolger gefunden werden. Als EU-Bürgerin mache ich mir Sorgen um die Wirtschaft unserer kleinen Gemeinde und bitte um Unterstützung für lokale Betriebe.",Nortmoor,Gemeinde,Niedersachsen,55-64,female,migrant_eu,LAND_12_MW,Brandenburg - Ministerium für Wirtschaft,Land,236,34,False,False,False,False,3,5,12,32,8,3,True,False,False,False
ISS_20250613034213_5603,2023-03-05 10:12:00,Sicherheit,"Die Straßenbeleuchtung in der Industriestraße ist seit Wochen kaputt. Abends ist es dort stockdunkel und ich fühle mich als älterer Mann sehr unsicher, wenn ich von der Spätschicht nach Hause gehe.",Gescher,Stadt,Nordrhein-Westfalen,55-64,male,migrant_non_eu,LAND_01_UM,Schleswig-Holstein - Ministerium für Umwelt,Land,197,31,True,False,False,False,10,6,5,9,3,1,True,True,True,False
ISS_20250613034114_4100,2025-02-03 10:49:00,Sicherheit,"Die Straßenbeleuchtung in der Berliner Straße ist seit Wochen defekt, wodurch der Gehweg abends völlig dunkel ist. Als Frau fühle ich mich dort sehr unsicher und musste bereits mehrfach Umwege gehen, um sicher nach Hause zu kommen.",Premnitz,Stadt,Brandenburg,45-54,female,citizen,LAND_04_IM,Bremen - Ministerium des Innern,Land,231,37,True,False,False,False,10,0,3,6,2,1,False,True,True,False
ISS_20250613034019_6514,2024-04-18 19:01:00,Bildung,"Die Schulbusse zu unserer Grundschule kommen seit drei Wochen immer 10-15 Minuten zu spät an. Meine Kinder verpassen dadurch regelmäßig die erste Stunde und ich muss sie oft selbst fahren, was beruflich sehr schwierig ist.",Böbrach,Gemeinde,Bayern,45-54,female,citizen,LAND_03_BM,Niedersachsen - Ministerium für Bildung,Land,222,35,True,True,False,False,19,3,18,16,4,2,False,False,False,False
ISS_20250613033816_8136,2023-06-24 06:39:00,Gesundheit,"Die Wartezeit für einen Facharzttermin beim Orthopäden in Billerbeck beträgt über drei Monate. Meine Rückenschmerzen verschlimmern sich täglich, aber ich bekomme keinen zeitnahen Termin und muss nach Münster fahren.",Billerbeck,Stadt,Nordrhein-Westfalen,35-44,female,citizen,LAND_12_SM,Brandenburg - Ministerium für Soziales,Land,215,29,False,False,False,True,6,5,24,25,6,2,True,False,True,False
ISS_20250613033730_7779,2023-05-06 06:34:00,Bildung,Die Computertechnik an der örtlichen Grundschule ist völlig veraltet - die Kinder meiner Enkelin arbeiten noch mit Geräten aus den 2000ern. Wie sollen unsere Kinder so auf die digitale Zukunft vorbereitet werden?,Wartmannsroth,Gemeinde,Bayern,55-64,male,citizen,LAND_02_BM,Hamburg - Ministerium für Bildung,Land,212,32,False,True,False,False,6,5,6,18,5,2,True,False,True,False
ISS_20250613033954_8152,2024-09-18 12:45:00,Digitalisierung,"Das Online-Portal der Gemeinde ist viel zu kompliziert für uns ältere Bürger. Ich brauche einen Termin im Bürgerbüro, aber die Webseite ist unverständlich und ich finde nicht mal die Telefonnummer.",Schöneck,Gemeinde,Hessen,65+,female,citizen,BUND_BUNDESMINISTERIUM_FÜR_DIGITALES_UND_VERKEHR,Bundesministerium für Digitales und Verkehr,Bund,197,30,False,False,False,False,12,2,18,38,9,3,False,True,True,True
ISS_20250613033847_8641,2023-08-21 11:45:00,Gesundheit,"Die Wartezeit beim Hausarzt in Pyrbaum beträgt mittlerweile über drei Wochen für einen normalen Termin. Für berufstätige Menschen ist das untragbar, besonders wenn man krank ist und schnell Hilfe braucht.",Pyrbaum,Gemeinde,Bayern,25-34,male,citizen,LAND_13_SM,Mecklenburg-Vorpommern - Ministerium für Soziales,Land,204,30,False,False,False,True,11,0,21,34,8,3,False,True,True,False
ISS_20250613033735_5435,2023-12-05 19:58:00,Verkehr,"Die Bushaltestelle an der Dresdner Straße hat kein Wartehäuschen und bei Regen stehen alle Fahrgäste im Freien. Besonders für ältere Leute und Familien mit Kindern ist das ein Problem, vor allem im Winter.",Thiendorf,Gemeinde,Sachsen,25-34,male,citizen,LAND_14_VM,Sachsen - Ministerium für Verkehr,Land,205,33,True,False,False,False,19,1,5,49,12,4,False,False,False,False
ISS_20250613034202_3316,2024-07-28 11:06:00,Digitalisierung,Die Online-Terminbuchung für das Bürgerbüro ist seit Wochen außer Betrieb und am Telefon erreicht man niemanden. Warum kann man in Bad Doberan im Jahr 2024 immer noch keine einfachen Behördengänge digital erledigen?,Bad Doberan,Stadt,Mecklenburg-Vorpommern,35-44,male,citizen,BUND_BUNDESMINISTERIUM_FÜR_DIGITALES_UND_VERKEHR,Bundesministerium für Digitales und Verkehr,Bund,215,32,False,False,False,False,11,6,28,30,7,3,True,True,True,False
ISS_20250613034213_4206,2023-07-10 10:38:00,Migration,Die Bearbeitung meines Antrags auf Familienzusammenführung dauert bereits über 8 Monate ohne jede Rückmeldung von der Ausländerbehörde. Meine Frau wartet in Polen und wir brauchen endlich eine Antwort oder wenigstens einen Zwischenstand.,Milower Land,Gemeinde,Brandenburg,25-34,male,citizen,LAND_02_SM,Hamburg - Ministerium für Soziales,Land,237,32,False,False,False,False,10,0,10,28,7,3,False,True,True,False
ISS_20250613034215_5828,2023-08-10 23:42:00,Gesundheit,"Die Wartezeit beim Hausarzt in Fürstenberg ist unmöglich geworden - drei Wochen für einen normalen Termin! Für ältere Leute oder Familien mit Kindern ist das ein echtes Problem, besonders wenn andere Praxen auch überlastet sind.",Fürstenberg/Havel,Stadt,Brandenburg,35-44,male,citizen,LAND_05_GM,Nordrhein-Westfalen - Ministerium für Gesundheit,Land,228,35,False,False,False,True,23,3,10,32,8,3,False,False,False,False
ISS_20250613033702_9305,2023-08-29 15:24:00,Verkehr,"Die Baustelle in der Ingolstädter Straße dauert schon seit drei Monaten und es gibt keine Umleitung. Jeden Tag stehe ich eine halbe Stunde im Stau, um zur Arbeit zu kommen. Wann wird das endlich fertig?",Neuburg a.d.Donau,Stadt,Bayern,25-34,male,migrant_eu,LAND_04_VM,Bremen - Ministerium für Verkehr,Land,202,35,True,False,False,False,15,1,29,35,8,3,False,True,False,True
ISS_20250613034137_8533,2024-06-04 03:34:00,Wirtschaft,"Die Gewerbeanmeldung für meinen kleinen Handwerksbetrieb dauert jetzt schon drei Monate - das ist viel zu lang! Andere Gemeinden schaffen das in zwei Wochen, warum ist das hier so kompliziert und langsam?",Rehhorst,Gemeinde,Schleswig-Holstein,35-44,male,citizen,LAND_12_MW,Brandenburg - Ministerium für Wirtschaft,Land,204,32,False,False,False,False,3,1,4,23,6,2,False,False,False,False
ISS_20250613034056_1722,2025-05-04 07:54:00,Gesundheit,"Die Hausarztpraxis in Würrich hat seit drei Monaten geschlossen und der nächste Arzt ist 15 Kilometer entfernt. Für ältere Bürger ohne Auto ist das ein echtes Problem, besonders bei Notfällen oder regelmäßigen Kontrollterminen.",Würrich,Gemeinde,Rheinland-Pfalz,35-44,male,citizen,LAND_12_GM,Brandenburg - Ministerium für Gesundheit,Land,227,33,False,False,False,True,7,6,4,18,5,2,True,False,True,False
ISS_20250613033752_6827,2023-06-08 01:18:00,Gesundheit,"Die Wartezeit beim Hausarzt in Diesdorf ist unmöglich geworden - drei Wochen für einen normalen Termin! Als junge Berufstätige kann ich nicht einfach spontan kommen, wenn jemand absagt. Wir brauchen dringend mehr Ärzte hier.",Diesdorf,Gemeinde,Sachsen-Anhalt,18-24,female,citizen,LAND_07_GM,Rheinland-Pfalz - Ministerium für Gesundheit,Land,224,34,False,False,False,True,1,3,8,23,6,2,False,False,False,False
ISS_20250613033649_3258,2023-05-08 06:06:00,Sicherheit,"Der Fußweg entlang der Bahnhofstraße ist abends völlig unbeleuchtet und sehr unsicher. Besonders für Frauen ist es gefährlich, dort nach Einbruch der Dunkelheit zu gehen - wir brauchen dringend bessere Straßenbeleuchtung.",Ankum,Gemeinde,Niedersachsen,35-44,female,citizen,LAND_02_UM,Hamburg - Ministerium für Umwelt,Land,221,31,True,False,False,False,6,0,8,19,5,2,False,False,True,False
ISS_20250613034051_6040,2023-03-09 11:40:00,Digitalisierung,"Die Online-Terminbuchung für den Bürgerservice ist seit drei Wochen außer Betrieb. Ich muss wegen meines neuen Personalausweises aber ständig in der Warteschleife hängen oder persönlich vorbeikommen, was bei meinen Arbeitszeiten unmöglich ist.",Gladenbach,Stadt,Hessen,35-44,male,citizen,BUND_BUNDESMINISTERIUM_FÜR_DIGITALES_UND_VERKEHR,Bundesministerium für Digitales und Verkehr,Bund,243,32,False,False,False,False,11,3,9,10,3,1,False,True,True,False
ISS_20250613034153_3275,2025-04-30 18:41:00,Umwelt,Die Grünschnittsammelstelle an der Industriestraße ist völlig überfüllt und der Kompost fault vor sich hin. Der Gestank ist unerträglich und zieht Ungeziefer an - meine Nachbarn und ich können kaum noch die Fenster öffnen.,Rosengarten,Gemeinde,Baden-Württemberg,55-64,male,citizen,LAND_09_MW,Bayern - Ministerium für Wirtschaft,Land,222,34,True,False,True,False,18,2,30,18,4,2,False,False,False,True
ISS_20250613034252_3535,2023-10-26 00:34:00,Sicherheit,"Der Spielplatz am Dorfteich ist völlig ungepflegt - die Schaukeln sind kaputt, überall liegt Müll und abends treffen sich dort Jugendliche, die Alkohol trinken und laut Musik hören. Als Mutter fühle ich mich unsicher, dort mit meinem Kind zu spielen.",Amt Wachsenburg,Gemeinde,Thüringen,25-34,female,citizen,LAND_10_IM,Saarland - Ministerium des Innern,Land,250,40,False,False,True,False,0,3,26,43,10,4,False,False,False,False
ISS_20250613033710_6299,2023-03-05 19:26:00,Umwelt,"Die Baustelle an der Industriestraße produziert seit Wochen extremen Lärm und Staub, besonders nachts wird weitergearbeitet. Meine Familie kann nicht mehr schlafen und unsere Kinder bekommen Hustenanfälle vom ganzen Dreck in der Luft.",Salzgitter,Stadt,Niedersachsen,35-44,male,citizen,LAND_11_MW,Berlin - Ministerium für Wirtschaft,Land,234,33,True,False,True,False,19,6,5,9,3,1,True,False,False,False
ISS_20250613034046_6196,2025-04-19 00:17:00,Sicherheit,"Die Straßenbeleuchtung in der Mittelstraße ist seit Wochen defekt, wodurch der Gehweg abends völlig dunkel ist. Als Anwohner mache ich mir Sorgen um die Sicherheit, besonders für ältere Menschen und Kinder auf dem Schulweg.",Bassum,Stadt,Niedersachsen,45-54,male,citizen,LAND_01_UM,Schleswig-Holstein - Ministerium für Umwelt,Land,223,34,True,False,False,False,0,5,19,16,4,2,True,False,False,False
ISS_20250613034033_5057,2024-04-01 06:51:00,Digitalisierung,"Das Online-Portal der Stadtverwaltung ist eine Katastrophe - ständig Serverausfälle und die Formulare funktionieren nicht richtig. Für einen einfachen Antrag muss ich trotzdem persönlich vorbeikommen, obwohl alles digital sein sollte.",Schwarzheide,Stadt,Brandenburg,45-54,male,citizen,BUND_BUNDESMINISTERIUM_FÜR_DIGITALES_UND_VERKEHR,Bundesministerium für Digitales und Verkehr,Bund,234,30,False,False,False,False,6,0,1,14,4,2,False,False,True,False
ISS_20250613033748_9679,2023-10-18 11:56:00,Verkehr,"Die Bushaltestelle an der Dorfstraße in Eichen hat kein Wartehäuschen und bei Regen müssen die Fahrgäste im Freien stehen. Besonders für ältere Mitbürger ist das ein Problem, da der nächste Unterstand 200 Meter entfernt ist.",Eichen,Gemeindefreies Gebiet,Bayern,55-64,male,citizen,LAND_08_VM,Baden-Württemberg - Ministerium für Verkehr,Land,224,35,True,False,False,False,11,2,18,42,10,4,False,True,True,False
ISS_20250613033723_8462,2023-07-04 16:12:00,Umwelt,"Die Mülldeponie am Ortsrand von Kalkar stinkt seit Wochen extrem und der Gestank zieht bis in die Wohngebiete. Meine Familie kann abends nicht mehr die Fenster öffnen, das ist unzumutbar.",Kalkar,Stadt,Nordrhein-Westfalen,45-54,male,citizen,LAND_13_MW,Mecklenburg-Vorpommern - Ministerium für Wirtschaft,Land,187,30,False,False,True,False,16,1,4,27,7,3,False,True,False,True
ISS_20250613034004_7605,2025-05-16 01:26:00,Gesundheit,Die Wartezeit für einen Facharzttermin beim Orthopäden beträgt hier in Erfurt über vier Monate. Für Rentner mit Gelenkproblemen ist das unzumutbar - wir brauchen dringend mehr Fachärzte in der Stadt.,Erfurt,Stadt,Thüringen,55-64,female,citizen,LAND_03_GM,Niedersachsen - Ministerium für Gesundheit,Land,199,30,False,False,False,True,1,4,16,20,5,2,False,False,False,False
ISS_20250613033933_8298,2023-03-19 02:16:00,Wirtschaft,"Die Innenstadt von Cottbus stirbt aus - immer mehr Geschäfte schließen und die Leerstände nehmen zu. Wann kommt endlich ein Konzept, um lokale Unternehmen zu unterstützen und neue Betriebe anzusiedeln?",Cottbus,Stadt,Brandenburg,35-44,diverse,citizen,LAND_12_FM,Brandenburg - Ministerium der Finanzen,Land,201,30,True,False,False,False,2,6,19,11,3,1,True,False,False,False
ISS_20250613034245_6035,2024-09-21 11:47:00,Verkehr,"Die Bushaltestelle an der Hauptstraße hat seit Monaten kein Wartehäuschen mehr, und bei diesem Wetter stehen die Leute im Regen. Besonders für ältere Bürger und Kinder ist das unzumutbar - wann wird das endlich repariert?",Gerstungen,Gemeinde,Thüringen,35-44,female,citizen,LAND_16_VM,Thüringen - Ministerium für Verkehr,Land,221,35,True,False,False,False,11,5,21,38,9,3,True,True,True,False
ISS_20250613034103_1626,2024-04-29 22:33:00,Migration,"Die Bearbeitung meines Aufenthaltstitels dauert bereits seit vier Monaten, obwohl alle Unterlagen vollständig eingereicht wurden. Meine Kinder können sich nicht für die weiterführende Schule anmelden, weil der neue Ausweis fehlt.",Gangloffsömmern,Gemeinde,Thüringen,35-44,female,migrant_non_eu,LAND_01_SM,Schleswig-Holstein - Ministerium für Soziales,Land,229,30,False,True,False,False,22,0,29,18,4,2,False,False,False,False
ISS_20250613033850_8913,2024-04-12 06:52:00,Digitalisierung,"Das Online-Portal der Stadt ist ständig überlastet und funktioniert nicht richtig. Ich kann seit Wochen keinen Termin für meinen neuen Personalausweis buchen, weil die Seite immer abstürzt oder ewig lädt.",Fürstenwalde/Spree,Stadt,Brandenburg,25-34,female,citizen,BUND_BUNDESMINISTERIUM_FÜR_DIGITALES_UND_VERKEHR,Bundesministerium für Digitales und Verkehr,Bund,204,30,False,False,False,False,6,4,12,15,4,2,False,False,True,False
ISS_20250613033726_9517,2025-04-13 00:49:00,Verkehr,"Die Baustelle in der Hauptstraße dauert schon über drei Monate und es gibt keine Umleitung für Radfahrer. Jeden Tag muss ich mit meinem Fahrrad auf die stark befahrene Straße ausweichen, das ist sehr gefährlich für alle Verkehrsteilnehmer.",Hofheim am Taunus,Stadt,Hessen,35-44,male,migrant_eu,LAND_11_VM,Berlin - Ministerium für Verkehr,Land,239,37,True,False,False,False,0,6,13,15,4,2,True,False,False,False
ISS_20250613034019_7092,2023-10-18 04:50:00,Wirtschaft,Die Gewerbesteuer für kleine Betriebe in Breiholz ist viel zu hoch im Vergleich zu den Nachbargemeinden. Dadurch wandern immer mehr Unternehmen ab und unsere Ortschaft verliert Arbeitsplätze und Steuereinnahmen.,Breiholz,Gemeinde,Schleswig-Holstein,45-54,male,citizen,LAND_13_FM,Mecklenburg-Vorpommern - Ministerium der Finanzen,Land,211,29,False,False,False,False,4,2,18,42,10,4,False,False,False,False
ISS_20250613033740_9373,2024-07-05 03:47:00,Gesundheit,"Die Wartezeit beim Gesundheitsamt für die Anerkennung meiner ausländischen Impfzeugnisse dauert schon drei Monate. Meine Kinder können deshalb nicht in die Kita und ich finde keine Arbeit im Gesundheitswesen, obwohl Fachkräfte gesucht werden.",Olpe,Stadt,Nordrhein-Westfalen,35-44,male,migrant_non_eu,LAND_11_SM,Berlin - Ministerium für Soziales,Land,242,33,False,True,False,False,3,4,5,27,7,3,False,False,False,False
ISS_20250613033922_6178,2023-06-12 10:46:00,Bildung,"Die Turnhalle der Grundschule Striegistal ist seit drei Monaten wegen Wasserschädens gesperrt. Mein Sohn und seine Klassenkameraden müssen seitdem den Sportunterricht in einem viel zu kleinen Klassenraum abhalten, was einfach nicht akzeptabel ist.",Striegistal,Gemeinde,Sachsen,45-54,female,citizen,LAND_16_BM,Thüringen - Ministerium für Bildung,Land,247,33,False,True,False,False,10,0,12,24,6,2,False,True,True,False
ISS_20250613034241_9153,2023-09-06 14:49:00,Gesundheit,Die Wartezeit beim Hausarzt in Neuhausen dauert mittlerweile über drei Wochen für einen normalen Termin. Für eine Gemeinde unserer Größe ist das nicht akzeptabel - wir brauchen dringend mehr Ärzte oder längere Sprechzeiten.,Neuhausen/Spree,Gemeinde,Brandenburg,35-44,male,citizen,LAND_01_SM,Schleswig-Holstein - Ministerium für Soziales,Land,223,33,False,False,False,True,14,2,6,36,9,3,False,True,False,True
ISS_20250613033703_1511,2025-05-13 09:50:00,Migration,Die Bearbeitung meines Antrags auf Verlängerung der Aufenthaltserlaubnis dauert bereits vier Monate. Ohne gültigen Ausweis kann ich nicht arbeiten und meine Familie nicht versorgen - bitte beschleunigen Sie das Verfahren.,Obere Warnow,Gemeinde,Mecklenburg-Vorpommern,55-64,male,migrant_non_eu,LAND_07_SM,Rheinland-Pfalz - Ministerium für Soziales,Land,221,30,False,False,False,False,9,1,13,20,5,2,False,True,True,False
ISS_20250613033925_6963,2024-01-27 00:15:00,Sicherheit,"Die Straßenbeleuchtung in der Kirchgasse ist seit Wochen kaputt, wodurch der Weg abends völlig dunkel ist. Besonders für ältere Bewohner und Kinder ist das sehr gefährlich - es gab bereits mehrere Stürze wegen der schlechten Sicht.",Oberleichtersbach,Gemeinde,Bayern,45-54,male,citizen,LAND_03_IM,Niedersachsen - Ministerium des Innern,Land,231,36,True,False,False,False,0,5,27,4,1,1,True,False,False,False
ISS_20250613033954_1061,2024-06-16 08:35:00,Migration,"Die Bearbeitungszeiten für Aufenthaltstitel im Bürgerbüro sind viel zu lang - meine Freundin wartet schon seit vier Monaten auf einen Termin für die Verlängerung. Das kann doch nicht normal sein, dass alles so lange dauert.",Derschen,Gemeinde,Rheinland-Pfalz,25-34,female,citizen,LAND_11_SM,Berlin - Ministerium für Soziales,Land,223,35,False,False,False,False,8,6,16,24,6,2,True,True,True,False
ISS_20250613033900_1149,2023-12-26 14:25:00,Migration,"Die Bearbeitungszeiten im Bürgerbüro sind seit Monaten extrem lang geworden. Für einen einfachen Personalausweis muss man wochenlang auf einen Termin warten, das ist unzumutbar für berufstätige Menschen.",Wiesenfelden,Gemeinde,Bayern,18-24,female,citizen,LAND_03_SM,Niedersachsen - Ministerium für Soziales,Land,203,27,False,False,False,False,14,1,26,52,12,4,False,True,False,True
ISS_20250613033804_4878,2023-01-30 14:53:00,Migration,"Die Wartezeiten im Bürgerbüro sind seit Monaten unerträglich geworden. Für einen einfachen Passantrag muss man jetzt über drei Stunden warten, weil das Personal völlig überlastet ist und zu wenig Termine verfügbar sind.",Freising,Stadt,Bayern,25-34,female,citizen,LAND_03_SM,Niedersachsen - Ministerium für Soziales,Land,219,32,False,False,False,False,14,0,30,5,1,1,False,True,False,True
ISS_20250613033915_6084,2025-03-06 23:16:00,Verkehr,Die Baustelle in der Wilhelmstraße dauert schon seit drei Monaten und es gibt keine Umleitung. Jeden Morgen stehe ich im Stau und komme zu spät zur Arbeit. Wann wird das endlich fertig?,Seesen,Stadt,Niedersachsen,45-54,female,citizen,LAND_13_VM,Mecklenburg-Vorpommern - Ministerium für Verkehr,Land,185,32,True,False,False,False,23,3,6,10,3,1,False,False,False,False
ISS_20250613034153_2358,2025-04-19 07:28:00,Sicherheit,"Die Straßenbeleuchtung in der Lindenstraße ist seit drei Wochen kaputt, wodurch der Gehweg abends völlig dunkel ist. Als Anwohner fühle ich mich unsicher beim Nachhausegehen und befürchte, dass es zu Unfällen oder Straftaten kommen könnte.",Weißendorf,Gemeinde,Thüringen,25-34,male,citizen,LAND_08_IM,Baden-Württemberg - Ministerium des Innern,Land,239,35,True,False,False,False,7,5,19,16,4,2,True,False,True,False
ISS_20250613033725_4665,2023-01-10 00:48:00,Migration,Das Bürgerbüro in Salzatal ist völlig überlastet - ich warte seit drei Monaten auf meinen neuen Personalausweis und bekomme nie einen Termin. Die wenigen Mitarbeiter schaffen die vielen Anträge einfach nicht mehr.,Salzatal,Gemeinde,Sachsen-Anhalt,18-24,female,citizen,LAND_09_SM,Bayern - Ministerium für Soziales,Land,213,32,False,False,False,False,0,1,10,2,1,1,False,False,False,False
ISS_20250613033837_1890,2024-09-03 00:56:00,Bildung,"Die Schule meines Sohnes hat seit Monaten keinen Deutschlehrer für die Förderklasse. Mein Kind braucht dringend zusätzliche Sprachunterstützung, aber der Unterricht fällt ständig aus oder wird von fachfremden Lehrern übernommen.",Triptis,Stadt,Thüringen,35-44,female,migrant_non_eu,LAND_10_BM,Saarland - Ministerium für Bildung,Land,228,30,False,True,False,False,0,1,3,36,9,3,False,False,False,False
ISS_20250613033704_5888,2023-03-02 12:13:00,Verkehr,"Die Schlaglöcher in der Breiten Straße sind eine Katastrophe - mein Auto wurde schon zweimal beschädigt und andere Autofahrer weichen gefährlich aus. Wann wird hier endlich was gemacht, bevor noch ein Unfall passiert?",Wolmirstedt,Stadt,Sachsen-Anhalt,45-54,male,citizen,LAND_14_VM,Sachsen - Ministerium für Verkehr,Land,217,33,True,False,False,False,12,3,2,9,3,1,False,True,True,True
ISS_20250613034050_5773,2024-06-28 00:19:00,Digitalisierung,"Die Online-Terminbuchung für das Bürgerbüro funktioniert seit Wochen nicht richtig - man wird immer wieder rausgeschmissen und muss von vorne anfangen. Für uns ältere Bürger ist das sehr frustrierend, wir brauchen dringend eine einfachere Lösung.",Giekau,Gemeinde,Schleswig-Holstein,45-54,female,citizen,BUND_BUNDESMINISTERIUM_FÜR_DIGITALES_UND_VERKEHR,Bundesministerium für Digitales und Verkehr,Bund,246,35,False,False,False,False,0,4,28,26,6,2,False,False,False,False
ISS_20250613034018_9624,2024-08-12 13:44:00,Digitalisierung,"Die Online-Terminbuchung für meinen Aufenthaltstitel funktioniert seit Wochen nicht richtig - die Seite lädt nicht oder zeigt Fehlermeldungen. Ich brauche dringend einen Termin, aber telefonisch ist niemand erreichbar.",Haiger,Stadt,Hessen,18-24,female,migrant_non_eu,BUND_BUNDESMINISTERIUM_FÜR_DIGITALES_UND_VERKEHR,Bundesministerium für Digitales und Verkehr,Bund,218,28,False,False,False,False,13,0,12,33,8,3,False,True,False,True
ISS_20250613033915_9135,2023-10-26 10:59:00,Digitalisierung,"Die Online-Terminbuchung für das Bürgerbüro ist seit Wochen außer Betrieb und am Telefon erreicht man niemanden. Muss ich wirklich um 7 Uhr morgens anstehen, nur um einen Personalausweis zu beantragen?",Ohrdruf,Stadt,Thüringen,35-44,male,citizen,BUND_BUNDESMINISTERIUM_FÜR_DIGITALES_UND_VERKEHR,Bundesministerium für Digitales und Verkehr,Bund,201,30,False,False,False,False,10,3,26,43,10,4,False,True,True,False
ISS_20250613034002_7065,2025-04-11 01:26:00,Gesundheit,"Die Wartezeit beim Gesundheitsamt für die Anerkennung meiner ausländischen Arztdiplome dauert bereits acht Monate. Meine Familie ist auf mein Einkommen angewiesen, aber ich kann nicht als Arzt arbeiten ohne die deutsche Anerkennung.",Rotenburg (Wümme),Stadt,Niedersachsen,45-54,male,migrant_non_eu,LAND_11_SM,Berlin - Ministerium für Soziales,Land,232,32,False,False,False,True,1,4,11,15,4,2,False,False,False,False
ISS_20250613033855_1855,2025-05-17 08:07:00,Wirtschaft,"Die örtlichen Geschäfte in Dotternhausen schließen immer früher und am Wochenende ist fast alles zu. Als berufstätige Mutter kann ich kaum noch einkaufen und muss ständig nach Balingen fahren, was zusätzliche Kosten verursacht.",Dotternhausen,Gemeinde,Baden-Württemberg,45-54,female,migrant_eu,LAND_15_MW,Sachsen-Anhalt - Ministerium für Wirtschaft,Land,227,33,False,False,False,False,8,5,17,20,5,2,True,True,True,False
ISS_20250613034036_6731,2023-10-14 00:58:00,Gesundheit,"Die Wartezeit beim Hausarzt in Marlow ist inzwischen unerträglich - drei Wochen für einen Termin bei akuten Beschwerden! Meine Kinder und ich müssen ständig nach Ribnitz fahren, weil hier einfach zu wenige Ärzte sind.",Marlow,Stadt,Mecklenburg-Vorpommern,35-44,female,citizen,LAND_08_GM,Baden-Württemberg - Ministerium für Gesundheit,Land,217,34,False,False,False,True,0,5,14,41,10,4,True,False,False,False
ISS_20250613034156_2965,2023-05-18 05:21:00,Digitalisierung,"Das Online-Portal für die Anmeldung meines Kindes im Kindergarten funktioniert seit Wochen nicht richtig. Ich kann keine Dokumente hochladen und bekomme immer Fehlermeldungen, obwohl der Anmeldeschluss bald ist.",Niederstetten,Stadt,Baden-Württemberg,25-34,female,migrant_non_eu,BUND_BUNDESMINISTERIUM_FÜR_DIGITALES_UND_VERKEHR,Bundesministerium für Digitales und Verkehr,Bund,211,28,False,False,False,False,5,3,18,20,5,2,False,False,False,False
ISS_20250613033727_8500,2025-04-29 17:36:00,Digitalisierung,"Das Online-Portal der Stadt ist ständig überlastet und stürzt ab, wenn man Anträge stellen will. Termine kann man nur noch telefonisch buchen, weil die Buchungsseite seit Monaten nicht funktioniert - das ist doch peinlich im Jahr 2024!",Parsberg,Stadt,Bayern,25-34,male,citizen,BUND_BUNDESMINISTERIUM_FÜR_DIGITALES_UND_VERKEHR,Bundesministerium für Digitales und Verkehr,Bund,235,37,False,False,False,False,17,1,29,18,4,2,False,True,False,True
ISS_20250613034033_7166,2025-02-14 11:22:00,Sicherheit,"Die Beleuchtung am Fußweg zwischen Bahnhof und Innenstadt ist seit Wochen kaputt. Abends ist es dort stockdunkel und ich fühle mich als Frau sehr unsicher, besonders wenn ich spät von der Arbeit komme.",Ellwangen (Jagst),Stadt,Baden-Württemberg,35-44,female,citizen,LAND_10_IM,Saarland - Ministerium des Innern,Land,201,33,True,False,False,False,11,4,14,7,2,1,False,True,True,False
ISS_20250613034206_1384,2025-05-12 12:42:00,Umwelt,"Die Mülltrennung in unserer Straße funktioniert nicht richtig - die Müllabfuhr leert alle Tonnen in dasselbe Fahrzeug. Das ist frustrierend für uns Bürger, die sich Mühe mit der Sortierung geben, und schadet der Umwelt.",Schnakenbek,Gemeinde,Schleswig-Holstein,45-54,female,migrant_eu,LAND_14_UM,Sachsen - Ministerium für Umwelt,Land,219,34,True,False,True,False,12,0,12,20,5,2,False,True,True,True
ISS_20250613033820_9633,2023-12-26 09:11:00,Digitalisierung,"Das Online-Portal der Gemeinde ist total veraltet und funktioniert auf dem Handy überhaupt nicht. Ich kann keinen Termin buchen oder Formulare ausfüllen, weil die Seite ständig abstürzt - das ist echt nervig für uns junge Leute!",Dischingen,Gemeinde,Baden-Württemberg,18-24,diverse,citizen,BUND_BUNDESMINISTERIUM_FÜR_DIGITALES_UND_VERKEHR,Bundesministerium für Digitales und Verkehr,Bund,228,36,False,False,False,False,9,1,26,52,12,4,False,True,True,False
ISS_20250613033700_3464,2023-04-18 11:38:00,Bildung,"Die Turnhalle der 15. Grundschule in Striesen ist seit drei Monaten wegen Wasserschäden gesperrt. Mein Sohn und seine Klasse haben seitdem keinen Sportunterricht mehr, das kann doch nicht sein!",Dresden,Stadt,Sachsen,45-54,male,citizen,LAND_16_BM,Thüringen - Ministerium für Bildung,Land,193,29,False,True,False,False,11,1,18,16,4,2,False,True,True,False
ISS_20250613033849_5682,2025-04-23 06:01:00,Sicherheit,"Die Straßenbeleuchtung in der Wiesenstraße ist seit Wochen kaputt, wodurch der Weg zur Bushaltestelle abends völlig dunkel ist. Als Frau fühle ich mich dort sehr unsicher und bitte um schnelle Reparatur der Lampen.",Seevetal,Gemeinde,Niedersachsen,45-54,female,citizen,LAND_16_IM,Thüringen - Ministerium des Innern,Land,214,33,True,False,False,False,6,2,23,17,4,2,False,False,True,False
ISS_20250613034206_3870,2023-08-30 00:48:00,Sicherheit,"Die Straßenbeleuchtung in der Gartenstraße ist seit drei Wochen ausgefallen, wodurch der Gehweg abends völlig dunkel ist. Als Frau fühle ich mich dort sehr unsicher und bitte um schnelle Reparatur der Lampen.",Heilsbronn,Stadt,Bayern,45-54,female,citizen,LAND_16_IM,Thüringen - Ministerium des Innern,Land,208,32,True,False,False,False,0,2,30,35,8,3,False,False,False,False
ISS_20250613033739_7752,2024-07-01 17:16:00,Migration,Die Bearbeitung meines Antrags auf Familienzusammenführung dauert bereits über ein Jahr. Meine Kinder warten in der Heimat und ich bekomme keine konkreten Auskünfte über den Bearbeitungsstand - das ist für uns alle sehr belastend.,Gengenbach,Stadt,Baden-Württemberg,35-44,female,citizen,LAND_05_SM,Nordrhein-Westfalen - Ministerium für Soziales,Land,230,34,False,False,False,False,17,0,1,27,7,3,False,True,False,True
ISS_20250613034251_5831,2023-02-24 13:37:00,Wirtschaft,"Die Gewerbeanmeldung für meinen kleinen Reparaturservice dauert jetzt schon über zwei Monate. Ich brauche endlich die Genehmigung, um arbeiten zu können und meine Familie zu ernähren. Wann kann ich mit einer Antwort rechnen?",Straelen,Stadt,Nordrhein-Westfalen,35-44,male,migrant_eu,LAND_03_MW,Niedersachsen - Ministerium für Wirtschaft,Land,224,33,False,False,False,False,13,4,24,8,2,1,False,True,False,True
ISS_20250613034124_4689,2025-05-03 10:35:00,Verkehr,"Die Durchgangsstraße durch Bitz ist viel zu eng für die vielen LKWs, die täglich durchfahren. Besonders beim Schulweg meiner Enkelkinder ist das sehr gefährlich, weil die Gehwege kaum Platz bieten und die Fahrer oft zu schnell fahren.",Bitz,Gemeinde,Baden-Württemberg,55-64,female,citizen,LAND_03_VM,Niedersachsen - Ministerium für Verkehr,Land,234,37,True,False,False,False,10,5,3,18,5,2,True,True,True,False
ISS_20250613034237_9674,2023-01-09 12:50:00,Wirtschaft,"Die Beratung im Jobcenter war sehr schlecht - die Mitarbeiterin konnte mir nicht erklären, welche Papiere ich für die Anerkennung meiner Ausbildung brauche. Ich warte schon drei Monate auf einen Termin bei der richtigen Stelle.",Burkau,Gemeinde,Sachsen,18-24,female,migrant_non_eu,LAND_16_MW,Thüringen - Ministerium für Wirtschaft,Land,227,35,False,False,False,False,12,0,9,2,1,1,False,True,True,True
ISS_20250613033659_1685,2024-04-15 02:26:00,Umwelt,"Der Bauhof hat seit drei Wochen die Grünschnittabfälle am Waldrand hinter der Siedlung nicht abgeholt. Das lockt Ungeziefer an und stinkt inzwischen so stark, dass wir die Fenster nicht mehr öffnen können.",Weißenstadt,Stadt,Bayern,45-54,male,citizen,LAND_15_MW,Sachsen-Anhalt - Ministerium für Wirtschaft,Land,205,32,False,False,True,False,2,0,15,16,4,2,False,False,False,False
ISS_20250613034114_8466,2023-01-14 08:54:00,Verkehr,"Die Bushaltestelle an der Dorfstraße hat kein Wartehäuschen und bei Regen stehen die Schulkinder völlig im Nassen. Besonders für die Grundschüler ist das unzumutbar, wenn sie morgens 20 Minuten auf den Bus warten müssen.",Oberaurach,Gemeinde,Bayern,45-54,female,citizen,LAND_15_VM,Sachsen-Anhalt - Ministerium für Verkehr,Land,220,34,True,False,False,False,8,5,14,2,1,1,True,True,True,False
ISS_20250613033851_5947,2023-10-08 10:59:00,Digitalisierung,Die Online-Terminbuchung für das Bürgerbüro ist seit Wochen außer Betrieb und am Telefon ist ständig besetzt. Für einen simplen Personalausweis-Antrag muss ich jetzt extra einen Tag Urlaub nehmen und stundenlang anstehen.,Lügde,Stadt,Nordrhein-Westfalen,25-34,male,citizen,BUND_BUNDESMINISTERIUM_FÜR_DIGITALES_UND_VERKEHR,Bundesministerium für Digitales und Verkehr,Bund,221,31,False,False,False,False,10,6,8,40,10,4,True,True,True,False
ISS_20250613034247_2512,2024-12-20 05:19:00,Migration,"Die Bearbeitungszeiten im Ausländeramt sind völlig inakzeptabel - mein Kollege wartet seit vier Monaten auf seinen Aufenthaltstitel und kann deshalb nicht arbeiten. Das schadet auch unserem Betrieb, weil wir dringend Fachkräfte brauchen.",Brüggen,Gemeinde,Nordrhein-Westfalen,25-34,male,citizen,LAND_09_SM,Bayern - Ministerium für Soziales,Land,237,32,False,False,False,False,5,4,20,51,12,4,False,False,False,False
ISS_20250613033805_4332,2023-09-03 22:58:00,Migration,"Die Bearbeitung meines Antrags auf Familienzusammenführung dauert bereits über ein Jahr, obwohl alle Unterlagen vollständig eingereicht wurden. Meine Familie wartet verzweifelt auf eine Antwort - bitte beschleunigen Sie das Verfahren endlich.",Hoyerswerda,Stadt,Sachsen,45-54,male,citizen,LAND_02_SM,Hamburg - Ministerium für Soziales,Land,242,31,False,False,False,False,22,6,3,35,9,3,True,False,False,False
ISS_20250613034050_8667,2023-06-15 03:42:00,Migration,"Das Ausländeramt in Gransee hat extrem lange Wartezeiten und ist nur schwer telefonisch erreichbar. Mein Antrag auf Familienzusammenführung liegt seit drei Monaten ohne Rückmeldung dort, obwohl alle Unterlagen vollständig eingereicht wurden.",Gransee,Stadt,Brandenburg,25-34,female,citizen,LAND_12_SM,Brandenburg - Ministerium für Soziales,Land,241,31,False,False,False,False,3,3,15,24,6,2,False,False,False,False
ISS_20250613033918_2446,2023-10-04 07:42:00,Bildung,"Die Volkshochschule hat schon wieder den Computerkurs für Senioren abgesagt - das ist bereits das dritte Mal dieses Jahr. Wir älteren Bürger haben auch ein Recht darauf, den Umgang mit Internet und Handy zu lernen!",Crimmitschau,Stadt,Sachsen,65+,female,citizen,LAND_03_BM,Niedersachsen - Ministerium für Bildung,Land,214,35,False,True,False,False,7,2,4,40,10,4,False,False,True,False
ISS_20250613034205_9813,2023-09-07 11:13:00,Sicherheit,"Die Straßenbeleuchtung in der Bahnhofstraße ist seit Wochen kaputt, nachts ist es dort stockfinster. Als Student, der oft spät von der Arbeit kommt, fühle ich mich sehr unsicher auf dem Heimweg - könnte das bitte schnell repariert werden?",Plankenfels,Gemeinde,Bayern,18-24,male,migrant_eu,LAND_16_UM,Thüringen - Ministerium für Umwelt,Land,238,38,True,False,False,False,11,3,7,36,9,3,False,True,True,False
ISS_20250613034006_4626,2023-04-07 19:46:00,Digitalisierung,"Die Online-Terminbuchung für das Bürgerbüro ist seit Wochen außer Betrieb und am Telefon erreicht man niemanden. Für einen einfachen Personalausweis-Antrag muss ich jetzt extra frei nehmen und hoffen, dass ich ohne Termin drankomme.",Bad Laasphe,Stadt,Nordrhein-Westfalen,25-34,female,citizen,BUND_BUNDESMINISTERIUM_FÜR_DIGITALES_UND_VERKEHR,Bundesministerium für Digitales und Verkehr,Bund,232,33,False,False,False,False,19,4,7,14,4,2,False,False,False,False
ISS_20250613034053_5070,2023-02-28 14:45:00,Sicherheit,"Die Straßenbeleuchtung in der Dorfstraße ist seit Monaten kaputt, nachts ist es dort stockfinster. Als Vater mache ich mir Sorgen um die Sicherheit meiner Familie, wenn wir abends nach Hause kommen.",Jamlitz,Gemeinde,Brandenburg,25-34,male,migrant_eu,LAND_05_UM,Nordrhein-Westfalen - Ministerium für Umwelt,Land,198,31,True,False,False,False,14,1,28,9,2,1,False,True,False,True
ISS_20250613034117_6874,2024-03-02 20:23:00,Sicherheit,"Die Beleuchtung am Fußweg zwischen Bahnhof und Innenstadt ist seit Wochen kaputt. Als Frau fühle ich mich dort abends sehr unsicher, besonders nach der Arbeit wenn es dunkel ist.",Würselen,Stadt,Nordrhein-Westfalen,25-34,female,citizen,LAND_06_IM,Hessen - Ministerium des Innern,Land,178,29,True,False,False,False,20,5,2,9,3,1,True,False,False,False
ISS_20250613033743_3037,2024-02-08 21:19:00,Verkehr,Die Bushaltestelle an der Molmecker Straße hat kein Wartehäuschen und bei Regen stehen alle Fahrgäste im Freien. Besonders für ältere Menschen und Familien mit Kindern ist das unzumutbar - bitte um Aufstellung eines Unterstand.,Hettstedt,Stadt,Sachsen-Anhalt,25-34,female,citizen,LAND_02_VM,Hamburg - Ministerium für Verkehr,Land,227,34,True,False,False,False,21,3,8,6,2,1,False,False,False,False
ISS_20250613034040_9486,2024-09-18 14:29:00,Migration,Die Bearbeitung meines Antrags auf Familienzusammenführung dauert bereits über acht Monate ohne jede Rückmeldung vom Ausländeramt. Meine Frau wartet in der Heimat und wir brauchen endlich eine Antwort oder wenigstens einen Termin für ein Gespräch.,Petersberg,Gemeinde,Hessen,25-34,male,citizen,LAND_08_SM,Baden-Württemberg - Ministerium für Soziales,Land,247,35,False,False,False,False,14,2,18,38,9,3,False,True,False,True
ISS_20250613033902_6058,2024-05-18 17:53:00,Digitalisierung,"Die Online-Terminbuchung für das Bürgerbüro ist seit Wochen außer Betrieb und am Telefon erreicht man niemanden. Für einen einfachen Personalausweis-Antrag muss ich jetzt extra nach Falkensee fahren, weil hier nichts digital funktioniert.",Schönwalde-Glien,Gemeinde,Brandenburg,45-54,male,citizen,BUND_BUNDESMINISTERIUM_FÜR_DIGITALES_UND_VERKEHR,Bundesministerium für Digitales und Verkehr,Bund,238,32,False,False,False,False,17,5,18,20,5,2,True,True,False,True
ISS_20250613033918_1346,2023-11-18 14:41:00,Bildung,In der örtlichen Volkshochschule wurden die Computerkurse für Senioren drastisch reduziert. Wir älteren Bürger brauchen aber Unterstützung beim Umgang mit digitalen Behördendiensten und Online-Banking - das kann doch nicht einfach gestrichen werden!,Willich,Stadt,Nordrhein-Westfalen,65+,diverse,citizen,LAND_12_BM,Brandenburg - Ministerium für Bildung,Land,249,32,False,True,False,False,14,5,18,46,11,4,True,True,False,True
ISS_20250613034046_6621,2024-04-05 19:45:00,Umwelt,Die Mülltrennung in unserem Wohngebiet funktioniert nicht richtig - viele Nachbarn werfen alles zusammen in die Tonnen und es stinkt furchtbar. Können Sie bitte mehr Kontrollen machen oder bessere Aufklärung geben?,Bad Tabarz,Gemeinde,Thüringen,65+,female,migrant_non_eu,LAND_15_MW,Sachsen-Anhalt - Ministerium für Wirtschaft,Land,214,31,False,False,True,False,19,4,5,14,4,2,False,False,False,False
ISS_20250613034203_2643,2023-06-12 09:58:00,Verkehr,"Die Bushaltestelle an der Rheinstraße hat seit Monaten kein Wartehäuschen mehr, nachdem es bei einem Unfall beschädigt wurde. Bei Regen und Wind müssen Berufspendler und Schulkinder völlig ungeschützt warten, das ist unzumutbar.",Ransbach-Baumbach,Stadt,Rheinland-Pfalz,35-44,male,citizen,LAND_12_VM,Brandenburg - Ministerium für Verkehr,Land,228,32,True,False,False,False,9,0,12,24,6,2,False,True,True,False
ISS_20250613034042_9439,2024-09-09 22:29:00,Sicherheit,"Die Straßenbeleuchtung in der Bamberger Straße ist seit Wochen kaputt, nachts ist es dort stockdunkel. Als Vater mache ich mir Sorgen, wenn meine Kinder abends nach Hause kommen - das ist wirklich gefährlich geworden.",Strullendorf,Gemeinde,Bayern,35-44,male,migrant_eu,LAND_06_UM,Hessen - Ministerium für Umwelt,Land,217,34,True,False,False,False,22,0,9,37,9,3,False,False,False,False
ISS_20250613034033_7283,2024-04-23 07:24:00,Sicherheit,"Die Straßenbeleuchtung in der Dorfstraße ist seit Wochen kaputt, wodurch der Gehweg abends völlig dunkel ist. Als Mutter mit kleinen Kindern fühle ich mich sehr unsicher, wenn wir spät nach Hause kommen.",Wriedel,Gemeinde,Niedersachsen,35-44,diverse,citizen,LAND_09_UM,Bayern - Ministerium für Umwelt,Land,203,32,True,False,False,False,7,1,23,17,4,2,False,False,True,False
ISS_20250613033930_3654,2023-09-08 18:11:00,Wirtschaft,"Die Gewerbeanmeldung für meinen kleinen Laden dauert schon drei Monate, obwohl ich alle Unterlagen eingereicht habe. Meine Familie ist auf das Einkommen angewiesen und ich verstehe nicht, warum es so lange dauert.",Fleischwangen,Gemeinde,Baden-Württemberg,35-44,female,migrant_non_eu,LAND_05_FM,Nordrhein-Westfalen - Ministerium der Finanzen,Land,213,32,False,False,False,False,18,4,8,36,9,3,False,False,False,True
ISS_20250613033659_3096,2025-01-09 19:18:00,Migration,"Die Beratungsstelle für Migranten in unserem Ort hat nur einmal pro Woche geöffnet, das reicht nicht aus. Viele neue Mitbürger brauchen Hilfe bei Behördengängen und Formularen, aber die Wartezeiten sind viel zu lang.",Kleßen-Görne,Gemeinde,Brandenburg,65+,diverse,citizen,LAND_16_SM,Thüringen - Ministerium für Soziales,Land,216,33,False,False,False,False,19,3,9,2,1,1,False,False,False,False
ISS_20250613034009_2520,2024-04-08 15:18:00,Verkehr,"Die Bushaltestelle an der Berliner Straße hat keine Überdachung und bei Regen stehen wir völlig im Nassen. Außerdem kommt der Bus 38 morgens oft 10-15 Minuten zu spät, wodurch ich regelmäßig zu spät zur Arbeit komme.",Lehre,Gemeinde,Niedersachsen,25-34,female,citizen,LAND_06_VM,Hessen - Ministerium für Verkehr,Land,216,36,True,False,False,False,15,0,8,15,4,2,False,True,False,True
ISS_20250613033659_7101,2023-05-25 12:25:00,Digitalisierung,"Das Online-Portal der Gemeinde ist total veraltet und funktioniert auf dem Handy überhaupt nicht. Ich kann keine Anträge stellen oder Termine buchen, weil die Seite ständig abstürzt - das ist echt nervig für unsere Generation.",Adelebsen,Gemeinde,Niedersachsen,18-24,male,citizen,BUND_BUNDESMINISTERIUM_FÜR_DIGITALES_UND_VERKEHR,Bundesministerium für Digitales und Verkehr,Bund,226,35,False,False,False,False,12,3,25,21,5,2,False,True,True,True
ISS_20250613034055_6994,2024-01-22 10:56:00,Umwelt,"Die Mülleimer am Wanderweg zum Aussichtsturm quellen seit Wochen über und der ganze Müll liegt verstreut im Wald rum. Das sieht nicht nur eklig aus, sondern schadet auch den Tieren - könnte das bitte mal jemand wegräumen?",Oberzent,Stadt,Hessen,18-24,female,citizen,LAND_15_MW,Sachsen-Anhalt - Ministerium für Wirtschaft,Land,221,37,False,False,True,False,10,0,22,4,1,1,False,True,True,False
ISS_20250613034008_8712,2024-07-19 06:28:00,Sicherheit,"Die Straßenbeleuchtung am Fußweg zwischen Bahnhof und Ortsmitte ist seit Wochen kaputt. Abends ist es dort stockfinster und als junger Mann fühle ich mich unsicher, besonders wenn ich spät von der Arbeit komme.",Hilzingen,Gemeinde,Baden-Württemberg,18-24,male,citizen,LAND_15_IM,Sachsen-Anhalt - Ministerium des Innern,Land,210,33,True,False,False,False,6,4,19,29,7,3,False,False,True,False
ISS_20250613033732_9811,2023-10-24 17:38:00,Gesundheit,Die Wartezeiten beim Gesundheitsamt für Impfberatungen sind unzumutbar - drei Wochen für einen Termin ist viel zu lang. Besonders für Familien mit kleinen Kindern sollten schnellere Termine möglich sein.,Wasserburg a.Inn,Stadt,Bayern,35-44,male,citizen,LAND_02_SM,Hamburg - Ministerium für Soziales,Land,203,29,False,False,False,False,17,1,24,43,10,4,False,True,False,True
ISS_20250613033957_8874,2024-05-05 14:49:00,Verkehr,Die Bushaltestelle an der Dorfstraße hat kein Wartehäuschen und bei Regen stehen die Leute im Wasser. Besonders für ältere Bürger und Kinder ist das unzumutbar - bitte um schnelle Lösung.,Kirchsahr,Gemeinde,Rheinland-Pfalz,35-44,male,migrant_eu,LAND_10_VM,Saarland - Ministerium für Verkehr,Land,187,30,True,False,False,False,14,6,5,18,5,2,True,True,False,True
ISS_20250613034053_5901,2024-03-05 09:36:00,Wirtschaft,Die Parkgebühren in der Innenstadt sind für uns junge Leute viel zu hoch - 2 Euro pro Stunde ist unverschämt! Dadurch bleiben alle Geschäfte leer und wir fahren lieber nach Plauen zum Einkaufen.,Bad Elster,Stadt,Sachsen,18-24,male,citizen,LAND_04_MW,Bremen - Ministerium für Wirtschaft,Land,194,33,False,False,False,False,9,1,5,10,3,1,False,True,True,False
ISS_20250613034220_2605,2023-12-29 18:08:00,Wirtschaft,"Die Geschäfte in unserem Ortszentrum stehen immer mehr leer, weil junge Leute wegziehen und keine Nachfolger für die Läden da sind. Wir brauchen dringend Unterstützung für lokale Betriebe, sonst stirbt unser Dorf wirtschaftlich komplett aus.",Temnitzquell,Gemeinde,Brandenburg,55-64,female,citizen,LAND_06_FM,Hessen - Ministerium der Finanzen,Land,241,35,False,False,False,False,18,4,29,52,12,4,False,False,False,True
ISS_20250613034048_6273,2024-06-05 00:38:00,Bildung,Die Turnhalle der Grundschule ist seit drei Monaten wegen Wasserschäden gesperrt. Unsere Kinder haben seitdem keinen Sportunterricht mehr und müssen bei schlechtem Wetter in den Klassenräumen bleiben. Wann wird endlich repariert?,Willingshausen,Gemeinde,Hessen,35-44,female,citizen,LAND_01_BM,Schleswig-Holstein - Ministerium für Bildung,Land,229,31,False,True,False,False,0,2,5,23,6,2,False,False,False,False
ISS_20250613033805_7878,2024-08-30 17:30:00,Wirtschaft,Die Gewerbesteuer für kleine Betriebe in Hoyerswerda ist viel zu hoch im Vergleich zu anderen Städten in Sachsen. Dadurch wandern Unternehmen ab und wir verlieren Arbeitsplätze - das schadet unserer ohnehin schwachen Wirtschaft hier noch mehr.,Hoyerswerda,Stadt,Sachsen,25-34,male,citizen,LAND_16_FM,Thüringen - Ministerium der Finanzen,Land,243,36,False,False,False,False,17,4,30,35,8,3,False,True,False,True
ISS_20250613034251_6419,2024-12-15 13:18:00,Verkehr,"Die Baustelle in der Breiten Straße dauert schon seit drei Monaten und es gibt keine Umleitung. Meine Kinder kommen täglich zu spät zur Schule, weil wir einen riesigen Umweg fahren müssen. Wann wird die Straße endlich fertig?",Stendal,Stadt,Sachsen-Anhalt,35-44,female,migrant_eu,LAND_09_VM,Bayern - Ministerium für Verkehr,Land,225,37,True,True,False,False,13,6,15,50,12,4,True,True,False,True
ISS_20250613033852_2097,2024-08-04 22:35:00,Wirtschaft,"Die Gewerbeanmeldung für meinen kleinen IT-Service dauert bereits sechs Wochen, obwohl online nur von zwei Wochen die Rede war. Ohne die Genehmigung kann ich nicht arbeiten und verliere potenzielle Kunden an die Konkurrenz.",Müglitztal,Gemeinde,Sachsen,25-34,male,migrant_eu,LAND_13_MW,Mecklenburg-Vorpommern - Ministerium für Wirtschaft,Land,223,33,False,False,False,False,22,6,4,31,8,3,True,False,False,False
ISS_20250613033935_5274,2024-08-16 01:29:00,Bildung,"Die Toiletten in der örtlichen Realschule sind seit Monaten in einem unhygienischen Zustand - meine Enkelin erzählt, dass viele Kinder deshalb den ganzen Schultag über nichts trinken. Das ist untragbar für die Gesundheit der Schüler.",Lingen (Ems),Stadt,Niedersachsen,55-64,male,citizen,LAND_06_BM,Hessen - Ministerium für Bildung,Land,233,35,False,True,False,False,1,4,16,33,8,3,False,False,False,False
ISS_20250613033737_6380,2023-01-14 21:12:00,Gesundheit,"Die Wartezeit beim Hausarzt in Regen ist unmöglich geworden - für einen normalen Termin muss ich drei Wochen warten. Als junge Berufstätige kann ich nicht einfach in die Notaufnahme, wenn ich krank bin.",Regen,Stadt,Bayern,18-24,female,citizen,LAND_15_SM,Sachsen-Anhalt - Ministerium für Soziales,Land,202,33,False,False,False,True,21,5,14,2,1,1,True,False,False,False
ISS_20250613034254_9453,2023-01-23 00:37:00,Verkehr,"Die Baustelle an der Annenstraße blockiert seit drei Wochen komplett die Durchfahrt, aber es wird nicht gearbeitet. Dadurch staut sich der ganze Verkehr bis zur Ardeystraße zurück und ich brauche morgens eine halbe Stunde länger zur Arbeit.",Witten,Stadt,Nordrhein-Westfalen,45-54,male,citizen,LAND_02_VM,Hamburg - Ministerium für Verkehr,Land,240,37,True,False,False,False,0,0,23,4,1,1,False,False,False,False
ISS_20250613034205_8946,2023-10-21 19:26:00,Umwelt,Die Mülldeponie am Ortsrand stinkt seit Wochen extrem und der Gestank zieht bis in unsere Wohnsiedlung. Meine Frau kann kaum noch lüften und die Nachbarn beschweren sich auch schon. Wann wird endlich etwas dagegen unternommen?,Kyffhäuserland,Gemeinde,Thüringen,55-64,male,citizen,LAND_05_UM,Nordrhein-Westfalen - Ministerium für Umwelt,Land,226,35,False,False,True,False,19,5,21,42,10,4,True,False,False,False
ISS_20250613034131_1916,2024-12-19 17:58:00,Sicherheit,"Die Beleuchtung am Fußweg entlang der Fulda zwischen Universitätsviertel und Innenstadt ist seit Wochen kaputt. Als Studentin fühle ich mich abends sehr unsicher auf diesem Weg, weil man nichts sieht und es sehr dunkel ist.",Fulda,Stadt,Hessen,18-24,female,citizen,LAND_06_UM,Hessen - Ministerium für Umwelt,Land,223,35,False,True,False,False,17,3,19,51,12,4,False,True,False,True
ISS_20250613033852_6880,2024-10-09 08:22:00,Wirtschaft,Die Gewerbesteuer in unserer Gemeinde ist viel zu hoch im Vergleich zu den Nachbarorten. Dadurch wandern immer mehr kleine Betriebe ab und wir verlieren Arbeitsplätze - das schadet unserem ganzen Ort wirtschaftlich.,Schweitenkirchen,Gemeinde,Bayern,45-54,male,citizen,LAND_15_FM,Sachsen-Anhalt - Ministerium der Finanzen,Land,215,32,False,False,False,False,8,2,9,41,10,4,False,True,True,False
ISS_20250613034234_3783,2023-08-29 09:33:00,Wirtschaft,"Die örtlichen Geschäfte in Rhönblick schließen reihenweise, weil junge Leute wegziehen und keine Nachfolger für die Betriebe da sind. Wir brauchen dringend Unterstützung für unsere Unternehmer, sonst stirbt unser Dorf komplett aus.",Rhönblick,Gemeinde,Thüringen,55-64,male,citizen,LAND_01_MW,Schleswig-Holstein - Ministerium für Wirtschaft,Land,231,32,False,False,False,False,9,1,29,35,8,3,False,True,True,False
ISS_20250613033741_1336,2024-11-08 06:26:00,Wirtschaft,"Die Jugendarbeitslosigkeit hier in Nordwestuckermark ist echt krass - nach der Ausbildung finden wir jungen Leute einfach keine Jobs in der Region. Viele ziehen weg, weil es keine Perspektiven gibt und die wenigen Betriebe kaum Stellen anbieten.",Nordwestuckermark,Gemeinde,Brandenburg,18-24,male,citizen,LAND_06_FM,Hessen - Ministerium der Finanzen,Land,245,37,False,False,False,False,6,4,8,45,11,4,False,False,True,False
ISS_20250613034130_9853,2025-04-10 14:56:00,Verkehr,"Die Baustelle in der Fürther Straße blockiert seit Monaten den Verkehr, aber es passiert nichts. Jeden Morgen stehe ich eine halbe Stunde im Stau, weil die Ampel nicht richtig geschaltet ist und nur drei Autos durchkommen.",Nürnberg,Stadt,Bayern,55-64,male,citizen,LAND_06_VM,Hessen - Ministerium für Verkehr,Land,222,36,True,False,False,False,14,3,10,15,4,2,False,True,False,True
ISS_20250613034047_5742,2025-04-29 21:03:00,Gesundheit,"Die Wartezeiten beim örtlichen Hausarzt sind unmöglich geworden - drei Wochen für einen normalen Termin! Als EU-Bürger habe ich die gleichen Rechte auf medizinische Versorgung, aber hier in Obergünzburg ist die Situation katastrophal.",Obergünzburg,Gemeinde,Bayern,45-54,diverse,migrant_eu,LAND_14_SM,Sachsen - Ministerium für Soziales,Land,234,33,False,False,False,True,21,1,29,18,4,2,False,False,False,False
ISS_20250613033919_4998,2025-02-09 13:36:00,Verkehr,"Die Baustelle in der Opelstraße dauert schon seit drei Monaten und es gibt keine Umleitung für Fußgänger. Ich muss mit meinem Rollator einen riesigen Umweg laufen, um zum Arzt zu kommen - das ist unzumutbar für ältere Menschen.",Rüsselsheim am Main,Stadt,Hessen,45-54,female,citizen,LAND_02_VM,Hamburg - Ministerium für Verkehr,Land,227,38,True,False,False,True,13,6,9,6,2,1,True,True,False,True
ISS_20250613034134_3268,2025-06-02 10:35:00,Bildung,"Die Schulbusse in Gumtow kommen regelmäßig 15-20 Minuten zu spät, wodurch meine Kinder ständig den ersten Unterricht verpassen. Trotz mehrfacher Beschwerden bei der Gemeinde hat sich nichts geändert - das kann so nicht weitergehen.",Gumtow,Gemeinde,Brandenburg,35-44,female,citizen,LAND_13_BM,Mecklenburg-Vorpommern - Ministerium für Bildung,Land,231,34,True,True,False,False,10,0,2,23,6,2,False,True,True,False
ISS_20250613033935_1613,2024-06-18 05:50:00,Umwelt,"Die Mülltonne am Wanderweg zum Dünsbergplateau quillt seit Wochen über und der Abfall wird vom Wind in die Natur getragen. Ich bitte um baldige Leerung, da dies ein schlechtes Bild für unsere schöne Gemeinde abgibt.",Biebertal,Gemeinde,Hessen,55-64,female,citizen,LAND_12_UM,Brandenburg - Ministerium für Umwelt,Land,215,35,False,False,True,False,5,1,18,25,6,2,False,False,False,False
ISS_20250613033958_9621,2024-12-26 10:16:00,Verkehr,"Die Bushaltestelle am Marktplatz hat seit Monaten kein Wartehäuschen mehr, nachdem das alte durch Vandalismus zerstört wurde. Besonders für ältere Mitbürger ist es bei Regen und Kälte unmöglich, dort auf den Bus zu warten.",Oranienbaum-Wörlitz,Stadt,Sachsen-Anhalt,45-54,female,citizen,LAND_14_VM,Sachsen - Ministerium für Verkehr,Land,222,34,True,False,False,False,10,3,26,52,12,4,False,True,True,False
ISS_20250613033746_1200,2023-07-02 09:19:00,Umwelt,"Der Grünschnitt an der Bushaltestelle Kirchstraße wird seit Monaten nicht zurückgeschnitten und versperrt komplett die Sicht auf ankommende Busse. Außerdem wachsen die Äste bereits in die Fahrbahn hinein, was für Autofahrer gefährlich ist.",Sponheim,Gemeinde,Rheinland-Pfalz,35-44,female,citizen,LAND_06_MW,Hessen - Ministerium für Wirtschaft,Land,239,33,True,False,True,False,9,6,2,26,7,3,True,True,True,False
ISS_20250613033747_2056,2023-11-11 00:03:00,Gesundheit,"Die Wartezeit beim örtlichen Hausarzt beträgt mittlerweile über drei Wochen für einen normalen Termin. Als EU-Bürger habe ich Anspruch auf medizinische Versorgung, aber die Situation in Prutting ist untragbar - besonders für Berufstätige wie mich.",Prutting,Gemeinde,Bayern,25-34,male,migrant_eu,LAND_14_GM,Sachsen - Ministerium für Gesundheit,Land,247,35,False,False,False,True,0,5,11,45,11,4,True,False,False,False
ISS_20250613033928_5229,2023-01-01 07:28:00,Digitalisierung,"Das Online-Portal für Bafög-Anträge ist seit drei Wochen nicht erreichbar und die Hotline geht nie ran. Mein Antrag muss bis Ende des Monats eingereicht werden, sonst bekomme ich kein Geld für das Studium.",Nauen,Stadt,Brandenburg,18-24,male,citizen,BUND_BUNDESMINISTERIUM_FÜR_DIGITALES_UND_VERKEHR,Bundesministerium für Digitales und Verkehr,Bund,205,33,False,False,False,False,7,6,1,52,1,1,True,False,True,False
ISS_20250613033909_4768,2025-03-25 06:44:00,Digitalisierung,"Das Online-Portal der Gemeinde ist eine Katastrophe - ich versuche seit drei Tagen, einen Termin für meinen neuen Personalausweis zu buchen, aber die Seite stürzt ständig ab. Warum kann man nicht einfach anrufen wie früher?",Jengen,Gemeinde,Bayern,45-54,female,citizen,BUND_BUNDESMINISTERIUM_FÜR_DIGITALES_UND_VERKEHR,Bundesministerium für Digitales und Verkehr,Bund,223,35,False,False,False,False,6,1,25,13,3,1,False,False,True,False
ISS_20250613034206_5868,2023-07-06 08:28:00,Umwelt,"Der Waldweg zwischen Tröstau und Nagel ist voller illegaler Müllablagerungen - alte Reifen, Bauschutt und Haushaltsabfälle verschandeln die Natur. Als Mutter mache ich mir Sorgen, dass meine Kinder beim Spazierengehen damit in Kontakt kommen könnten.",Tröstau,Gemeinde,Bayern,35-44,female,citizen,LAND_13_MW,Mecklenburg-Vorpommern - Ministerium für Wirtschaft,Land,250,35,True,False,True,False,8,3,6,27,7,3,False,True,True,False
ISS_20250613034043_8798,2023-03-02 04:54:00,Migration,Das Ausländeramt in Passau hat völlig überlastete Termine - ich warte seit drei Monaten auf einen Termin für meinen Aufenthaltstitel und kann deshalb nicht arbeiten. Bitte sorgen Sie für mehr Personal oder längere Öffnungszeiten.,Eging a.See,Gemeinde,Bayern,35-44,diverse,migrant_eu,LAND_05_SM,Nordrhein-Westfalen - Ministerium für Soziales,Land,229,34,False,False,False,False,4,3,2,9,3,1,False,False,False,False
ISS_20250613033850_6895,2024-06-24 18:36:00,Umwelt,"Die Straßenbeleuchtung in der Berliner Straße ist seit drei Wochen defekt, wodurch nachts gefährliche Dunkelheit herrscht. Besonders für ältere Bürger wie mich ist das Sturzrisiko beim Gassigehen mit dem Hund erheblich gestiegen.",Mittenwalde,Gemeinde,Brandenburg,55-64,male,citizen,LAND_12_MW,Brandenburg - Ministerium für Wirtschaft,Land,229,32,True,False,False,False,18,0,24,26,6,2,False,False,False,True
ISS_20250613033727_1268,2025-01-05 03:23:00,Bildung,"Die Schulbuslinie nach Waren fährt seit drei Wochen unzuverlässig - mein Enkel kommt täglich zu spät zur Schule. Als Steuerzahler erwarte ich, dass der Schülertransport ordentlich funktioniert und unsere Kinder pünktlich ankommen.",Hohen Wangelin,Gemeinde,Mecklenburg-Vorpommern,55-64,male,citizen,LAND_12_BM,Brandenburg - Ministerium für Bildung,Land,230,32,True,True,False,False,3,6,5,1,1,1,True,False,False,False
ISS_20250613033702_4770,2024-05-02 12:37:00,Wirtschaft,"Die örtlichen Geschäfte in der Innenstadt stehen leer und es gibt kaum noch Arbeitsplätze für junge Leute. Meine Kinder müssen alle wegziehen, weil hier keine Perspektiven mehr da sind - das kann so nicht weitergehen.",Allstedt,Stadt,Sachsen-Anhalt,55-64,male,citizen,LAND_12_MW,Brandenburg - Ministerium für Wirtschaft,Land,217,35,False,False,False,False,12,3,2,18,5,2,False,True,True,True
ISS_20250613033841_2258,2025-01-30 09:59:00,Umwelt,"Die Mülltonne an der Bushaltestelle Hundsmühler Straße quillt seit über einer Woche über und der Abfall liegt überall verstreut herum. Das sieht nicht nur eklig aus, sondern lockt auch Ungeziefer an - bitte um schnelle Leerung!",Wardenburg,Gemeinde,Niedersachsen,25-34,male,citizen,LAND_01_UM,Schleswig-Holstein - Ministerium für Umwelt,Land,227,36,True,False,True,False,9,3,30,5,1,1,False,True,True,False
ISS_20250613034156_2975,2023-06-29 11:08:00,Migration,"Die Bearbeitung meines Antrags auf Familienzusammenführung dauert bereits über acht Monate ohne jede Rückmeldung. Meine Frau wartet in der Türkei und wir brauchen endlich eine Antwort vom Ausländeramt, wann sie nachkommen kann.",Oebisfelde-Weferlingen,Stadt,Sachsen-Anhalt,45-54,male,citizen,LAND_16_SM,Thüringen - Ministerium für Soziales,Land,227,32,False,False,False,False,11,3,29,26,6,2,False,True,True,False
ISS_20250613033738_3473,2023-07-03 08:19:00,Verkehr,"Die Bushaltestelle an der Dorfstraße hat kein Wartehäuschen und bei diesem Wetter stehen die Kinder völlig im Regen. Außerdem kommt der Bus oft 10-15 Minuten zu spät, wodurch meine Tochter regelmäßig die erste Schulstunde verpasst.",Saustrup,Gemeinde,Schleswig-Holstein,35-44,female,citizen,LAND_05_VM,Nordrhein-Westfalen - Ministerium für Verkehr,Land,231,35,True,False,False,False,8,0,3,27,7,3,False,True,True,False
ISS_20250613033758_7355,2023-08-25 13:02:00,Migration,"""Die Sprachkurse für Geflüchtete in Engelskirchen sind völlig überfüllt und es gibt monatelange Wartelisten. Als junge Bürgerin finde ich es wichtig, dass Integration funktioniert, aber so können sich die Menschen hier nicht richtig einleben.""",Engelskirchen,Gemeinde,Nordrhein-Westfalen,18-24,female,citizen,LAND_07_SM,Rheinland-Pfalz - Ministerium für Soziales,Land,243,34,False,False,False,False,13,4,25,34,8,3,False,True,False,True
ISS_20250613034144_4647,2024-01-09 12:47:00,Bildung,"Die Toiletten in der örtlichen Grundschule sind seit Monaten in einem unhygienischen Zustand. Meine Enkelin erzählt, dass viele Kinder lieber den ganzen Schultag warten, als diese Toiletten zu benutzen - das ist untragbar.",Bad Bertrich,Gemeinde,Rheinland-Pfalz,55-64,male,citizen,LAND_03_BM,Niedersachsen - Ministerium für Bildung,Land,222,33,False,True,False,False,12,1,9,2,1,1,False,True,True,True
ISS_20250613034257_4685,2024-11-30 08:29:00,Bildung,"Die Turnhalle der Grundschule ist seit drei Monaten wegen Wasserschäden gesperrt, aber es gibt keinen Ersatz für den Sportunterricht. Meine Kinder haben seitdem überhaupt keinen Sport mehr und das kann so nicht weitergehen.",Ketzin/Havel,Stadt,Brandenburg,35-44,female,citizen,LAND_08_BM,Baden-Württemberg - Ministerium für Bildung,Land,223,33,False,True,False,False,8,5,30,48,11,4,True,True,True,False
ISS_20250613033900_9970,2024-01-27 11:37:00,Bildung,"Die Schulbuslinie nach Börry fährt seit drei Wochen unregelmäßig, wodurch mein Sohn täglich zu spät zum Unterricht kommt. Andere Eltern haben das gleiche Problem - wann wird der Fahrplan endlich wieder eingehalten?",Emmerthal,Gemeinde,Niedersachsen,25-34,male,citizen,LAND_14_BM,Sachsen - Ministerium für Bildung,Land,214,32,True,True,False,False,11,5,27,4,1,1,True,True,True,False
ISS_20250613034117_9445,2023-08-01 13:00:00,Digitalisierung,"Das Online-Portal der Stadt funktioniert bei mir nicht richtig - ich kann keine Formulare ausfüllen und die Seite lädt ewig. Für uns ältere Bürger ist das sehr frustrierend, wenn man einfache Anträge nicht mehr persönlich im Rathaus stellen kann.",Burladingen,Stadt,Baden-Württemberg,65+,male,citizen,BUND_BUNDESMINISTERIUM_FÜR_DIGITALES_UND_VERKEHR,Bundesministerium für Digitales und Verkehr,Bund,246,39,False,False,False,False,13,1,1,31,8,3,False,True,False,True
ISS_20250613034105_8519,2024-06-04 09:43:00,Umwelt,"Im Neuensorger Forst wird seit Monaten illegal Müll entsorgt - alte Autoreifen, Bauschutt und sogar Chemikalien. Der Gestank ist unerträglich und das Grundwasser könnte verseucht werden. Wann wird endlich etwas dagegen unternommen?",Neuensorger Forst,Gemeindefreies Gebiet,Bayern,35-44,male,citizen,LAND_16_MW,Thüringen - Ministerium für Wirtschaft,Land,231,32,False,False,True,False,9,1,4,23,6,2,False,True,True,False
ISS_20250613033801_4580,2025-04-14 04:32:00,Verkehr,"Die Geschwindigkeitsbegrenzung auf der Münchener Straße wird komplett ignoriert - Autos rasen mit 70-80 km/h durch unseren Ort, obwohl nur 30 erlaubt sind. Besonders morgens zur Schulzeit ist das extrem gefährlich für die Kinder.",Hohenbrunn,Gemeinde,Bayern,25-34,female,citizen,LAND_14_VM,Sachsen - Ministerium für Verkehr,Land,229,34,True,False,False,False,4,0,14,16,4,2,False,False,False,False
ISS_20250613033737_3203,2023-05-30 11:20:00,Sicherheit,Seit Wochen ist die Straßenbeleuchtung in der Kirchgasse komplett ausgefallen. Besonders für ältere Bewohner wie mich ist der dunkle Gehweg abends sehr gefährlich - ich bin bereits zweimal fast gestürzt.,Eigeltingen,Gemeinde,Baden-Württemberg,45-54,female,citizen,LAND_13_UM,Mecklenburg-Vorpommern - Ministerium für Umwelt,Land,203,30,True,False,False,False,11,1,30,22,5,2,False,True,True,False
ISS_20250613034257_3389,2024-09-16 08:02:00,Migration,"Die Bearbeitung meines Antrags auf Familienzusammenführung für meinen Schwiegersohn dauert bereits acht Monate. Trotz vollständiger Unterlagen erhalte ich keine Rückmeldung vom Ausländeramt, was für unsere Familie sehr belastend ist.",Beinerstadt,Gemeinde,Thüringen,45-54,female,citizen,LAND_14_SM,Sachsen - Ministerium für Soziales,Land,233,29,False,False,False,False,8,0,16,38,9,3,False,True,True,False
ISS_20250613033811_2251,2024-08-21 06:48:00,Digitalisierung,"Die Online-Terminbuchung für den Führerscheinumtausch funktioniert seit Wochen nicht richtig - die Seite lädt nicht oder stürzt ab. Als Nicht-EU-Bürger brauche ich dringend einen Termin, aber telefonisch ist niemand erreichbar.",Born a.Darß,Gemeinde,Mecklenburg-Vorpommern,45-54,male,migrant_non_eu,BUND_BUNDESMINISTERIUM_FÜR_DIGITALES_UND_VERKEHR,Bundesministerium für Digitales und Verkehr,Bund,227,30,False,False,False,False,6,2,21,34,8,3,False,False,True,False
ISS_20250613034127_8957,2024-06-06 07:11:00,Bildung,"In der Grundschule Murchin fällt seit Monaten regelmäßig der Musikunterricht aus, weil kein Fachlehrer da ist. Meine Enkelin und ihre Mitschüler verpassen dadurch wichtige Bildungsinhalte - das kann doch nicht sein!",Murchin,Gemeinde,Mecklenburg-Vorpommern,55-64,female,citizen,LAND_08_BM,Baden-Württemberg - Ministerium für Bildung,Land,215,31,False,True,False,False,7,3,6,23,6,2,False,False,True,False
ISS_20250613033936_9592,2024-12-18 18:58:00,Migration,"Die Bearbeitung meines EU-Bürger-Antrags für die Anmeldebescheinigung dauert bereits drei Monate. Trotz vollständiger Unterlagen erhalte ich vom Bürgerbüro nur Vertröstungen, obwohl die Bearbeitung laut EU-Recht binnen weniger Wochen erfolgen sollte.",Kulmbach,Stadt,Bayern,25-34,female,migrant_eu,LAND_01_SM,Schleswig-Holstein - Ministerium für Soziales,Land,250,30,False,False,False,False,18,2,18,51,12,4,False,False,False,True
ISS_20250613033809_8669,2025-01-16 19:44:00,Digitalisierung,"Die Online-Terminvergabe für das Bürgerbüro funktioniert seit Wochen nicht richtig - ständig Fehlermeldungen und man kann keine Termine buchen. Für uns ältere Bürger ist das sehr frustrierend, wenn man dann extra ins Amt fahren muss.",Nuthe-Urstromtal,Gemeinde,Brandenburg,55-64,diverse,citizen,BUND_BUNDESMINISTERIUM_FÜR_DIGITALES_UND_VERKEHR,Bundesministerium für Digitales und Verkehr,Bund,233,35,False,False,False,False,19,3,16,3,1,1,False,False,False,False
ISS_20250613034152_6062,2025-03-14 10:06:00,Gesundheit,"Die Wartezeit beim Hausarzt in Altenkrempe beträgt mittlerweile über drei Wochen für einen normalen Termin. Als Berufstätiger kann ich mir nicht leisten, wochenlang auf einen Arzttermin zu warten - das ist unzumutbar für unsere kleine Gemeinde.",Altenkrempe,Gemeinde,Schleswig-Holstein,45-54,male,citizen,LAND_09_GM,Bayern - Ministerium für Gesundheit,Land,244,36,False,False,False,True,10,4,14,11,3,1,False,True,True,False
ISS_20250613033807_5719,2024-10-18 09:02:00,Bildung,"Die Mensa an der Uni Kiel hat seit drei Wochen nur noch Fast Food im Angebot, kein warmes Essen mehr. Als Student bin ich auf bezahlbare, gesunde Mahlzeiten angewiesen - das geht so nicht weiter!",Kiel,Stadt,Schleswig-Holstein,18-24,diverse,citizen,LAND_12_BM,Brandenburg - Ministerium für Bildung,Land,195,35,False,False,False,False,9,4,18,42,10,4,False,True,True,False
ISS_20250613034206_2289,2023-11-07 06:44:00,Bildung,"Die Kita in Weißkeißel hat seit Monaten zu wenig Personal - mein Sohn wird oft früher abgeholt, weil Erzieher fehlen. Das kann nicht so weitergehen, wir Eltern brauchen verlässliche Betreuungszeiten für unsere Arbeit.",Weißkeißel,Gemeinde,Sachsen,25-34,female,citizen,LAND_11_BM,Berlin - Ministerium für Bildung,Land,217,33,False,True,False,False,6,1,7,45,11,4,False,False,True,False
ISS_20250613033736_7895,2024-05-26 11:01:00,Migration,"In unserem Stadtteil dauern die Bearbeitungszeiten für Integrationskurse viel zu lange. Mein Nachbar wartet bereits seit vier Monaten auf einen Platz, obwohl er sofort anfangen wollte - das bremst die Integration unnötig aus.",Felsberg,Stadt,Hessen,35-44,male,citizen,LAND_08_SM,Baden-Württemberg - Ministerium für Soziales,Land,225,33,False,False,False,False,11,6,26,21,5,2,True,True,True,False
ISS_20250613033932_9564,2023-12-27 05:06:00,Digitalisierung,"Das Online-Portal der Stadtverwaltung ist ständig überlastet und funktioniert nicht richtig. Ich kann seit drei Wochen keinen Termin für meinen neuen Personalausweis buchen, weil die Seite immer abstürzt oder ewig lädt.",Blankenhain,Stadt,Thüringen,25-34,male,citizen,BUND_BUNDESMINISTERIUM_FÜR_DIGITALES_UND_VERKEHR,Bundesministerium für Digitales und Verkehr,Bund,219,31,False,False,False,False,5,2,27,52,12,4,False,False,False,False
ISS_20250613033656_2463,2025-03-13 12:22:00,Migration,Im Bürgerbüro dauert die Bearbeitung von Anträgen für Familiennachzug mittlerweile über sechs Monate. Meine Schwägerin wartet seit Februar auf eine Antwort und kann deshalb nicht zu ihrer Familie nach Deutschland kommen.,Gerswalde,Gemeinde,Brandenburg,45-54,female,citizen,LAND_07_SM,Rheinland-Pfalz - Ministerium für Soziales,Land,220,31,False,False,False,False,12,3,13,11,3,1,False,True,True,True
ISS_20250613033847_1849,2024-08-31 08:08:00,Wirtschaft,"Die Geschäfte in der Fußgängerzone stehen seit Monaten leer, weil die Mieten zu hoch sind. Unsere Innenstadt stirbt aus und die wenigen Touristen finden kaum noch lokale Läden zum Einkaufen.",Sankt Peter-Ording,Gemeinde,Schleswig-Holstein,45-54,female,citizen,LAND_11_MW,Berlin - Ministerium für Wirtschaft,Land,190,30,False,False,False,False,8,5,31,35,8,3,True,True,True,False
ISS_20250613034137_3486,2023-10-27 18:40:00,Wirtschaft,"Die Parkgebühren in der Innenstadt sind völlig überteuert - 2 Euro pro Stunde schreckt Kunden ab und schadet den lokalen Geschäften. Viele fahren jetzt lieber ins Einkaufszentrum nach Düsseldorf, statt hier in Wülfrath einzukaufen.",Wülfrath,Stadt,Nordrhein-Westfalen,45-54,female,citizen,LAND_05_FM,Nordrhein-Westfalen - Ministerium der Finanzen,Land,231,34,False,False,False,False,18,4,27,43,10,4,False,False,False,True
ISS_20250613033838_2088,2024-11-18 13:13:00,Umwelt,"Die Straßenbeleuchtung in der Dorfstraße ist seit drei Wochen kaputt und macht abends das Gassigehen mit dem Hund gefährlich. Außerdem sammelt sich durch die Dunkelheit immer mehr Müll an der Bushaltestelle, weil niemand mehr richtig sieht.",Buchfart,Gemeinde,Thüringen,35-44,male,citizen,LAND_01_MW,Schleswig-Holstein - Ministerium für Wirtschaft,Land,240,36,True,False,True,False,13,0,18,47,11,4,False,True,False,True
ISS_20250613033936_7331,2023-11-22 15:58:00,Gesundheit,"Die Wartezeit beim Hausarzt in Schnaittenbach ist unmöglich geworden - drei Wochen für einen normalen Termin! Für uns ältere Bürger ist das untragbar, besonders wenn man regelmäßige Kontrollen braucht.",Schnaittenbach,Stadt,Bayern,55-64,female,citizen,LAND_16_GM,Thüringen - Ministerium für Gesundheit,Land,201,29,False,False,False,True,15,2,22,47,11,4,False,True,False,True
ISS_20250613033648_3452,2025-03-11 13:20:00,Wirtschaft,"Die neuen Parkgebühren in der Innenstadt sind viel zu hoch und schrecken Kunden ab. Viele Geschäfte klagen bereits über Umsatzrückgänge, weil die Leute lieber ins Einkaufszentrum nach Karlsruhe fahren statt hier einzukaufen.",Wörth am Rhein,Stadt,Rheinland-Pfalz,45-54,female,citizen,LAND_01_FM,Schleswig-Holstein - Ministerium der Finanzen,Land,224,32,False,False,False,False,13,1,11,11,3,1,False,True,False,True
ISS_20250613034244_4991,2024-07-30 14:37:00,Gesundheit,"Die Wartezeit beim Hausarzt hier in Bad Wurzach ist unmöglich - drei Wochen für einen normalen Termin! Als EU-Bürger habe ich die gleichen Rechte auf medizinische Versorgung, aber die wenigen Ärzte nehmen kaum neue Patienten auf.",Bad Wurzach,Stadt,Baden-Württemberg,25-34,male,migrant_eu,LAND_10_GM,Saarland - Ministerium für Gesundheit,Land,229,36,False,False,False,True,14,1,30,31,7,3,False,True,False,True
ISS_20250613034054_4302,2024-10-05 07:24:00,Migration,"Die Sprachkurse für Migranten im Gemeindezentrum sind völlig überfüllt - meine Nachbarin wartet seit Monaten auf einen Platz. Ohne vernünftige Deutschkenntnisse können sich die Leute nicht integrieren, das schadet allen Beteiligten.",Vilsbiburg,Stadt,Bayern,45-54,female,citizen,LAND_15_SM,Sachsen-Anhalt - Ministerium für Soziales,Land,232,31,False,False,False,False,7,5,5,40,10,4,True,False,True,False
ISS_20250613033933_2093,2024-09-27 10:26:00,Migration,Die Bearbeitung meines Antrags auf Familienzusammenführung dauert bereits über ein Jahr. Meine Frau wartet in der Türkei und wir bekommen keine konkreten Informationen über den Stand des Verfahrens. Das ist für unsere Familie sehr belastend.,Michelsneukirchen,Gemeinde,Bayern,35-44,male,citizen,LAND_02_SM,Hamburg - Ministerium für Soziales,Land,241,35,False,False,False,False,10,4,27,39,9,3,False,True,True,False
ISS_20250613033853_4552,2023-03-11 14:33:00,Bildung,Die Schulbusse zur Grundschule Simmelsdorf kommen seit drei Wochen regelmäßig 15-20 Minuten zu spät an. Meine Kinder verpassen dadurch oft die erste Stunde und ich muss ständig zu spät zur Arbeit.,Simmelsdorf,Gemeinde,Bayern,35-44,female,citizen,LAND_03_BM,Niedersachsen - Ministerium für Bildung,Land,196,31,True,True,False,False,14,5,11,10,3,1,True,True,False,True
ISS_20250613033838_2843,2024-09-13 00:35:00,Bildung,"Die Heizung in der örtlichen Grundschule ist seit drei Wochen kaputt und die Kinder müssen bei 12 Grad im Klassenzimmer lernen. Als Großvater bin ich empört, dass unsere Enkelkinder unter solchen Bedingungen unterrichtet werden.",Dahme/Mark,Stadt,Brandenburg,55-64,male,citizen,LAND_07_BM,Rheinland-Pfalz - Ministerium für Bildung,Land,228,34,False,True,False,False,0,4,13,37,9,3,False,False,False,False
ISS_20250613033855_4224,2024-06-24 11:09:00,Umwelt,"Die Straßenbeleuchtung in der Wilhelmstraße ist seit drei Wochen kaputt, wodurch nachts gefährliche Dunkelheit herrscht. Besonders für ältere Bürger wie mich ist das Sturzrisiko beim Gassigehen mit dem Hund sehr hoch geworden.",Bad Gandersheim,Stadt,Niedersachsen,55-64,female,citizen,LAND_10_UM,Saarland - Ministerium für Umwelt,Land,226,32,True,False,False,False,11,0,24,26,6,2,False,True,True,False
ISS_20250613033733_5167,2024-10-23 13:12:00,Gesundheit,"Die Wartezeit beim Hausarzt in Freyung beträgt mittlerweile über drei Wochen für einen normalen Termin. Als junger Berufstätiger kann ich nicht einfach in die Notaufnahme, aber bei akuten Beschwerden ist das die einzige Option.",Freyung,Stadt,Bayern,25-34,male,citizen,LAND_11_SM,Berlin - Ministerium für Soziales,Land,227,34,False,False,False,True,13,2,23,43,10,4,False,True,False,True
ISS_20250613034043_7023,2023-12-11 12:12:00,Bildung,"Die Computerausstattung an der Realschule ist völlig veraltet - mein Sohn kann kaum vernünftig arbeiten, weil die Geräte ständig abstürzen. Für eine ordentliche digitale Bildung brauchen wir dringend neue Computer und besseres Internet.",Chiemsee (See),Gemeindefreies Gebiet,Bayern,45-54,male,citizen,LAND_15_BM,Sachsen-Anhalt - Ministerium für Bildung,Land,236,33,False,True,False,False,12,0,11,50,12,4,False,True,True,True
ISS_20250613033844_9550,2024-07-21 18:58:00,Wirtschaft,Die Gewerbesteuer für kleine Betriebe in Klingenthal ist viel zu hoch im Vergleich zu anderen Städten in Sachsen. Dadurch wandern Unternehmen ab und wir verlieren Arbeitsplätze - das schadet unserer ganzen Region wirtschaftlich.,Klingenthal,Stadt,Sachsen,45-54,female,citizen,LAND_08_FM,Baden-Württemberg - Ministerium der Finanzen,Land,228,33,False,False,False,False,18,6,21,29,7,3,True,False,False,True
ISS_20250613034247_9629,2024-12-13 00:13:00,Sicherheit,"Die Straßenbeleuchtung in der Kirchgasse ist seit drei Wochen kaputt und der ganze Bereich ist nachts stockfinster. Als Frau traue ich mich abends nicht mehr alleine nach Hause zu gehen, das ist wirklich gefährlich geworden.",Ernsgaden,Gemeinde,Bayern,45-54,female,citizen,LAND_01_UM,Schleswig-Holstein - Ministerium für Umwelt,Land,224,35,True,False,False,False,0,4,13,50,12,4,False,False,False,False
ISS_20250613034126_5681,2024-03-30 21:57:00,Digitalisierung,"Das Online-Portal für den Personalausweis-Antrag ist total unübersichtlich und stürzt dauernd ab. Ich versuche seit drei Tagen meinen Antrag zu stellen, aber die Seite lädt nicht richtig und meine Daten gehen verloren.",Escheburg,Gemeinde,Schleswig-Holstein,18-24,female,citizen,BUND_BUNDESMINISTERIUM_FÜR_DIGITALES_UND_VERKEHR,Bundesministerium für Digitales und Verkehr,Bund,218,32,False,False,False,False,21,5,30,13,3,1,True,False,False,False
ISS_20250613034159_2267,2023-09-05 12:12:00,Digitalisierung,"Die Online-Terminbuchung für das Bürgerbüro funktioniert seit Wochen nicht richtig - man kann zwar Termine auswählen, aber bekommt keine Bestätigung. Muss ich wirklich extra nach Breitenburg fahren, nur um einen Termin zu vereinbaren?",Breitenburg,Gemeinde,Schleswig-Holstein,35-44,female,citizen,BUND_BUNDESMINISTERIUM_FÜR_DIGITALES_UND_VERKEHR,Bundesministerium für Digitales und Verkehr,Bund,234,33,False,False,False,False,12,1,5,36,9,3,False,True,True,True
ISS_20250613034012_6475,2024-02-11 08:24:00,Verkehr,"Die Bushaltestelle an der Rohrbacher Straße hat kein Wartehäuschen und bei Regen wird man komplett nass. Außerdem kommt der Bus 21 ständig zu spät, was besonders ärgerlich ist, wenn man zur Arbeit muss.",Leimen,Stadt,Baden-Württemberg,18-24,male,citizen,LAND_06_VM,Hessen - Ministerium für Verkehr,Land,202,33,True,False,False,False,8,6,11,6,2,1,True,True,True,False
ISS_20250613034253_7024,2024-10-11 06:59:00,Gesundheit,"Das Wartezimmer beim Hausarzt in der Poststraße ist völlig überfüllt und man wartet teilweise über zwei Stunden auf einen Termin. Für ältere Menschen wie mich ist das eine Zumutung, besonders wenn man Schmerzen hat.",Ochsenhausen,Stadt,Baden-Württemberg,55-64,female,citizen,LAND_06_GM,Hessen - Ministerium für Gesundheit,Land,215,34,True,False,False,True,6,4,11,41,10,4,False,False,True,False
ISS_20250613033707_8792,2024-10-16 12:54:00,Wirtschaft,"Die örtlichen Geschäfte in Großenwiehe schließen reihenweise, weil die Gewerbesteuer zu hoch ist und keine Unterstützung für kleine Betriebe kommt. Bald haben wir hier gar keine Einkaufsmöglichkeiten mehr und müssen alles in Flensburg besorgen.",Großenwiehe,Gemeinde,Schleswig-Holstein,35-44,female,citizen,LAND_16_FM,Thüringen - Ministerium der Finanzen,Land,244,34,False,False,False,False,12,2,16,42,10,4,False,True,True,True
ISS_20250613033850_5968,2024-01-01 15:59:00,Wirtschaft,Die Gewerbesteuer für kleine Betriebe in Oberthal ist viel zu hoch im Vergleich zu den Nachbargemeinden. Dadurch wandern unsere lokalen Geschäfte ab und die Ortsmitte stirbt aus - das kann so nicht weitergehen!,Oberthal,Gemeinde,Saarland,45-54,female,citizen,LAND_01_MW,Schleswig-Holstein - Ministerium für Wirtschaft,Land,210,33,False,False,False,False,15,0,1,1,1,1,False,True,False,True
ISS_20250613034033_7871,2023-08-05 19:59:00,Gesundheit,"Die Wartezeit für einen Facharzttermin beim Gynäkologen beträgt hier über vier Monate. Als berufstätige Mutter kann ich nicht einfach nach Aachen fahren, wir brauchen dringend mehr Ärzte in Monschau.",Monschau,Stadt,Nordrhein-Westfalen,35-44,female,migrant_non_eu,LAND_15_GM,Sachsen-Anhalt - Ministerium für Gesundheit,Land,199,29,False,False,False,True,19,5,5,31,8,3,True,False,False,False
ISS_20250613034209_7450,2024-07-30 10:27:00,Wirtschaft,"Die Handwerksbetriebe hier in Kirchenlamitz finden keine Azubis mehr und schließen nach und nach. Meine Heizung ist seit drei Wochen kaputt, aber alle Installateure sind überlastet oder haben den Betrieb aufgegeben.",Kirchenlamitz,Stadt,Bayern,65+,male,migrant_non_eu,LAND_08_FM,Baden-Württemberg - Ministerium der Finanzen,Land,215,31,False,False,False,False,10,1,30,31,7,3,False,True,True,False
ISS_20250613033821_4850,2025-04-21 11:59:00,Digitalisierung,"Die Online-Terminbuchung für das Bürgerbüro funktioniert seit Wochen nicht richtig - man kann keine Termine für Anmeldungen buchen. Als EU-Bürgerin brauche ich dringend einen Termin für meine Ummeldung, aber telefonisch ist niemand erreichbar.",Gräfenhainichen,Stadt,Sachsen-Anhalt,25-34,female,migrant_eu,BUND_BUNDESMINISTERIUM_FÜR_DIGITALES_UND_VERKEHR,Bundesministerium für Digitales und Verkehr,Bund,243,33,False,False,False,False,11,0,21,17,4,2,False,True,True,False
ISS_20250613034206_3856,2024-07-01 20:51:00,Sicherheit,"Die Straßenbeleuchtung in der Mühlenstraße ist seit drei Wochen kaputt und der Weg zum Bahnhof ist nachts stockdunkel. Als Berufspendler fühle ich mich dort sehr unsicher, besonders wenn ich spät von der Arbeit komme.",Ottenstein,Gemeinde,Niedersachsen,25-34,male,citizen,LAND_05_UM,Nordrhein-Westfalen - Ministerium für Umwelt,Land,217,34,True,False,False,False,20,0,1,27,7,3,False,False,False,False
ISS_20250613034101_4362,2024-11-11 10:36:00,Verkehr,"Die Geschwindigkeitsbegrenzung auf der Ortsdurchfahrt wird ständig missachtet, besonders von LKW-Fahrern. Meine Kinder können nicht mehr sicher zur Schule gehen, weil die Fahrzeuge viel zu schnell durch unser Wohngebiet rasen.",Elchingen,Gemeinde,Bayern,45-54,female,citizen,LAND_04_VM,Bremen - Ministerium für Verkehr,Land,226,30,False,True,False,False,10,0,11,46,11,4,False,True,True,False
ISS_20250613033805_6073,2023-09-09 22:53:00,Wirtschaft,"Die Gewerbesteuer für kleine Handwerksbetriebe ist in den letzten Jahren drastisch gestiegen, während gleichzeitig die Bürokratie zunimmt. Viele Betriebe in Reichenbach kämpfen ums Überleben und können keine Lehrlinge mehr ausbilden.",Reichenbach an der Fils,Gemeinde,Baden-Württemberg,55-64,male,citizen,LAND_06_MW,Hessen - Ministerium für Wirtschaft,Land,233,30,False,False,False,False,22,5,9,36,9,3,True,False,False,False
ISS_20250613033736_4677,2023-05-30 10:57:00,Digitalisierung,"Das neue Online-Portal der Gemeinde ist viel zu kompliziert für ältere Bürger wie mich. Ich kann nicht mal einen einfachen Antrag stellen, weil die Seite ständig abstürzt und die Schrift viel zu klein ist.",Freiamt,Gemeinde,Baden-Württemberg,55-64,female,citizen,BUND_BUNDESMINISTERIUM_FÜR_DIGITALES_UND_VERKEHR,Bundesministerium für Digitales und Verkehr,Bund,205,34,False,False,False,False,10,1,30,22,5,2,False,True,True,False
ISS_20250613034056_2051,2024-12-23 14:45:00,Wirtschaft,"Die Gewerbesteuer für mein kleines Café ist wieder gestiegen, aber gleichzeitig gibt es keine Unterstützung für lokale Betriebe. Viele Geschäfte in Löbnitz müssen schließen, weil die Kosten zu hoch sind und keine Kunden mehr kommen.",Löbnitz,Gemeinde,Mecklenburg-Vorpommern,45-54,female,migrant_eu,LAND_07_FM,Rheinland-Pfalz - Ministerium der Finanzen,Land,232,35,False,False,False,False,14,0,23,52,12,4,False,True,False,True
ISS_20250613034015_2785,2024-09-14 12:58:00,Digitalisierung,"Das Online-Portal der Gemeinde ist total veraltet und funktioniert auf dem Handy gar nicht. Ich kann keine Anträge digital stellen und muss immer extra ins Rathaus fahren, obwohl das eigentlich online gehen sollte.",Wolfegg,Gemeinde,Baden-Württemberg,18-24,diverse,citizen,BUND_BUNDESMINISTERIUM_FÜR_DIGITALES_UND_VERKEHR,Bundesministerium für Digitales und Verkehr,Bund,214,33,False,False,False,False,12,5,14,37,9,3,True,True,True,True
ISS_20250613033838_2190,2023-02-21 20:19:00,Sicherheit,"Die Straßenbeleuchtung in der Neustädter Straße ist seit Wochen kaputt, wodurch der Gehweg abends völlig dunkel ist. Als Berufstätiger, der spät nach Hause kommt, fühle ich mich dort sehr unsicher und befürchte Unfälle oder Übergriffe.",Frankenberg/Sa.,Stadt,Sachsen,25-34,male,citizen,LAND_03_IM,Niedersachsen - Ministerium des Innern,Land,235,35,True,False,False,False,20,1,21,8,2,1,False,False,False,False
ISS_20250613033902_2121,2023-08-09 09:25:00,Umwelt,"Der Grünschnitt und Gartenabfälle werden in unserer Gemeinde seit drei Wochen nicht mehr abgeholt. Die Container quellen über und der Gestank wird unerträglich, besonders bei dem warmen Wetter.",Osterhever,Gemeinde,Schleswig-Holstein,35-44,female,citizen,LAND_08_UM,Baden-Württemberg - Ministerium für Umwelt,Land,193,28,False,False,True,False,9,2,9,32,8,3,False,True,True,False
ISS_20250613034001_8769,2024-08-14 03:02:00,Verkehr,"Die Bushaltestelle an der Döberitzer Chaussee hat kein Wartehäuschen und bei Regen stehen die Fahrgäste im Freien. Besonders für ältere Menschen und Kinder ist das unzumutbar, bitte um Aufstellung eines Unterstands.",Dallgow-Döberitz,Gemeinde,Brandenburg,45-54,female,citizen,LAND_15_VM,Sachsen-Anhalt - Ministerium für Verkehr,Land,215,31,True,False,False,False,3,2,14,33,8,3,False,False,False,False
ISS_20250613033704_8471,2025-05-02 14:35:00,Gesundheit,"Die Wartezeit beim Hausarzt hier in Fürstenberg ist unmöglich geworden - drei Wochen für einen normalen Termin! Für junge Berufstätige wie mich ist das nicht machbar, wenn man krank ist braucht man schnelle Hilfe.",Fürstenberg/Havel,Stadt,Brandenburg,25-34,male,citizen,LAND_04_SM,Bremen - Ministerium für Soziales,Land,213,34,False,False,False,True,14,4,2,18,5,2,False,True,False,True
ISS_20250613034053_3751,2024-11-26 14:01:00,Gesundheit,"Die Wartezeit beim Hausarzt in unserem Ort beträgt mittlerweile über drei Wochen für einen normalen Termin. Für berufstätige Mütter wie mich ist das untragbar, besonders wenn das Kind krank ist und schnell behandelt werden muss.",Heideland,Gemeinde,Thüringen,25-34,female,citizen,LAND_06_SM,Hessen - Ministerium für Soziales,Land,228,35,False,False,False,True,14,1,26,48,11,4,False,True,False,True
ISS_20250613034050_5789,2023-01-26 00:15:00,Digitalisierung,"Die Online-Terminbuchung für das Bürgerbüro funktioniert seit Wochen nicht richtig - man kann zwar Termine auswählen, aber bekommt keine Bestätigung. Dann steht man vor Ort und der Termin ist nicht im System gespeichert.",Ruderatshofen,Gemeinde,Bayern,25-34,female,citizen,BUND_BUNDESMINISTERIUM_FÜR_DIGITALES_UND_VERKEHR,Bundesministerium für Digitales und Verkehr,Bund,220,33,False,False,False,False,0,3,26,4,1,1,False,False,False,False
ISS_20250613033714_4176,2025-06-13 10:49:00,Migration,"""Die Bearbeitung meines Antrags auf Wohnsitzwechsel dauert schon drei Monate. Ich brauche die Bestätigung dringend für meinen neuen Job, aber bekomme im Bürgerbüro immer nur zu hören, dass noch Unterlagen fehlen.""",Leinfelden-Echterdingen,Stadt,Baden-Württemberg,18-24,male,citizen,LAND_11_SM,Berlin - Ministerium für Soziales,Land,213,31,False,False,False,False,10,4,13,24,6,2,False,True,True,False
ISS_20250613033703_5512,2024-10-14 07:11:00,Gesundheit,"Die Wartezeit beim Gesundheitsamt für die Anerkennung meiner ausländischen Impfzeugnisse dauert bereits drei Monate. Ohne diese Bestätigung kann ich mich nicht für Jobs im Gesundheitswesen bewerben, obwohl dringend Fachkräfte gesucht werden.",Wolfenbüttel,Stadt,Niedersachsen,35-44,female,migrant_non_eu,LAND_03_SM,Niedersachsen - Ministerium für Soziales,Land,241,31,False,False,False,False,7,0,14,42,10,4,False,False,True,False
ISS_20250613034015_5322,2024-11-30 14:22:00,Wirtschaft,"Die Parkgebühren in der Innenstadt sind völlig überteuert und schrecken Kunden ab. Viele Geschäfte leiden darunter, weil die Leute lieber ins Einkaufszentrum fahren, wo das Parken kostenlos ist.",Bickenbach,Gemeinde,Hessen,35-44,female,citizen,LAND_13_MW,Mecklenburg-Vorpommern - Ministerium für Wirtschaft,Land,194,28,True,False,False,False,14,5,30,48,11,4,True,True,False,True
ISS_20250613033845_8687,2025-05-27 07:09:00,Migration,"Die Bearbeitung meines Antrags auf Familienzusammenführung dauert bereits acht Monate ohne jede Rückmeldung. Meine Frau wartet in der Türkei und wir brauchen endlich eine Antwort, wann sie nach Deutschland kommen kann.",Oberkirch,Stadt,Baden-Württemberg,25-34,male,citizen,LAND_16_SM,Thüringen - Ministerium für Soziales,Land,218,31,False,False,False,False,7,1,27,22,5,2,False,False,True,False
ISS_20250613033918_3975,2024-10-30 07:56:00,Wirtschaft,Die Gewerbesteuer für kleine Betriebe in Lengede ist viel zu hoch im Vergleich zu Nachbargemeinden. Dadurch wandern Unternehmen ab und wir verlieren Arbeitsplätze - das schadet unserer ganzen Region wirtschaftlich.,Lengede,Gemeinde,Niedersachsen,35-44,male,citizen,LAND_08_MW,Baden-Württemberg - Ministerium für Wirtschaft,Land,214,30,False,False,False,False,7,2,30,44,10,4,False,False,True,False
ISS_20250613034210_7960,2025-05-07 17:28:00,Wirtschaft,"Die örtlichen Geschäfte in Reußenköge schließen eins nach dem anderen, weil keine Nachfolger gefunden werden. Wir brauchen dringend Unterstützung für kleine Betriebe, sonst haben wir bald gar keine Einkaufsmöglichkeiten mehr im Ort.",Reußenköge,Gemeinde,Schleswig-Holstein,45-54,female,citizen,LAND_10_MW,Saarland - Ministerium für Wirtschaft,Land,232,32,False,False,False,False,17,2,7,19,5,2,False,True,False,True
ISS_20250613033645_3226,2024-01-26 04:27:00,Digitalisierung,"Das Online-Portal der Stadt ist ständig überlastet und funktioniert nicht richtig. Ich wollte einen Termin für den Personalausweis buchen, aber nach einer Stunde Versuchen habe ich aufgegeben - das kann doch nicht sein im Jahr 2024!",Hofheim i.UFr.,Stadt,Bayern,45-54,male,citizen,BUND_BUNDESMINISTERIUM_FÜR_DIGITALES_UND_VERKEHR,Bundesministerium für Digitales und Verkehr,Bund,232,36,False,False,False,False,4,4,26,4,1,1,False,False,False,False
ISS_20250613034235_1539,2025-03-19 02:07:00,Digitalisierung,Die Online-Terminbuchung für das Bürgerbüro ist seit drei Wochen außer Betrieb und am Telefon erreicht man niemanden. Für einfache Anliegen wie Personalausweis-Verlängerung muss man jetzt wieder persönlich vorbeikommen und ewig warten.,Hamminkeln,Stadt,Nordrhein-Westfalen,35-44,female,citizen,BUND_BUNDESMINISTERIUM_FÜR_DIGITALES_UND_VERKEHR,Bundesministerium für Digitales und Verkehr,Bund,235,31,False,False,False,False,2,2,19,12,3,1,False,False,False,False
ISS_20250613033709_3234,2024-09-18 08:05:00,Bildung,"An der Grundschule in Werder fällt seit Monaten regelmäßig der Sportunterricht aus, weil die Turnhalle wegen Wasserschäden gesperrt ist. Mein Sohn und seine Mitschüler verpassen dadurch wichtige Bewegung und können die Lehrplanziele nicht erreichen.",Werder,Gemeinde,Mecklenburg-Vorpommern,25-34,male,citizen,LAND_12_BM,Brandenburg - Ministerium für Bildung,Land,249,34,False,True,False,False,8,2,18,38,9,3,False,True,True,False
ISS_20250613033956_9477,2023-02-01 10:06:00,Sicherheit,"Die Straßenbeleuchtung in der Wohnstraße Am Kirchberg ist seit drei Wochen kaputt. Besonders für Frauen und ältere Bürger ist der dunkle Weg abends sehr gefährlich, da man kaum etwas sieht und sich unsicher fühlt.",Rimpar,Gemeinde,Bayern,35-44,diverse,citizen,LAND_08_IM,Baden-Württemberg - Ministerium des Innern,Land,213,34,True,False,False,False,10,2,1,5,2,1,False,True,True,False
ISS_20250613033805_3117,2024-07-08 16:12:00,Digitalisierung,"Die Online-Terminbuchung für den Bürgerservice funktioniert seit Wochen nicht richtig - man kann zwar Termine auswählen, aber bekommt keine Bestätigung. Meine 78-jährige Mutter ist völlig überfordert und muss jetzt extra nach Fulda fahren.",Eiterfeld,Gemeinde,Hessen,45-54,male,citizen,BUND_BUNDESMINISTERIUM_FÜR_DIGITALES_UND_VERKEHR,Bundesministerium für Digitales und Verkehr,Bund,239,33,False,False,False,False,16,0,8,28,7,3,False,True,False,True
ISS_20250613033652_8307,2023-08-13 15:08:00,Umwelt,"Die Mülleimer im Stadtpark quellen seit Tagen über und der Gestank ist unerträglich. Besonders am Spielplatz liegt überall Abfall rum, das ist unhygienisch für die Kinder und sieht einfach eklig aus.",Springe,Stadt,Niedersachsen,18-24,female,citizen,LAND_01_UM,Schleswig-Holstein - Ministerium für Umwelt,Land,199,31,False,False,True,False,15,6,13,32,8,3,True,True,False,True
ISS_20250613034120_2441,2023-04-16 09:25:00,Wirtschaft,"Die Innenstadt stirbt aus - schon wieder hat ein Geschäft in der Hauptstraße dichtgemacht. Es braucht dringend mehr Unterstützung für kleine Läden, sonst haben wir bald nur noch leere Schaufenster und Online-Shopping.",Ehingen (Donau),Stadt,Baden-Württemberg,45-54,female,citizen,LAND_13_FM,Mecklenburg-Vorpommern - Ministerium der Finanzen,Land,217,32,True,False,False,False,9,6,16,15,4,2,True,True,True,False
ISS_20250613033726_5708,2024-01-11 08:06:00,Digitalisierung,"Das Online-Portal der Gemeinde ist eine Katastrophe - seit drei Wochen versuche ich, einen Antrag für den Personalausweis zu stellen, aber die Seite lädt nicht richtig und niemand am Telefon kann mir helfen.",Uehrde,Gemeinde,Niedersachsen,45-54,female,citizen,BUND_BUNDESMINISTERIUM_FÜR_DIGITALES_UND_VERKEHR,Bundesministerium für Digitales und Verkehr,Bund,207,33,False,False,False,False,8,3,11,2,1,1,False,True,True,False
ISS_20250613033703_4206,2023-06-23 02:48:00,Migration,"Die Bearbeitung meines EU-Bürger-Antrags für die Anmeldebescheinigung dauert bereits drei Monate. Trotz vollständiger Unterlagen erhalte ich keine Rückmeldung vom Bürgerbüro, obwohl die gesetzliche Frist längst überschritten ist.",Monheim am Rhein,Stadt,Nordrhein-Westfalen,45-54,female,migrant_eu,LAND_03_SM,Niedersachsen - Ministerium für Soziales,Land,229,27,False,False,False,False,2,4,23,25,6,2,False,False,False,False
ISS_20250613033656_9884,2024-03-22 02:41:00,Migration,"Die Wartezeiten im Bürgerbüro sind seit Monaten unerträglich lang geworden, weil zu wenig Personal da ist. Ich musste letzte Woche drei Stunden warten, nur um meinen Personalausweis zu verlängern - das geht so nicht weiter.",Gescher,Stadt,Nordrhein-Westfalen,25-34,female,citizen,LAND_01_SM,Schleswig-Holstein - Ministerium für Soziales,Land,223,35,False,False,False,False,2,4,22,12,3,1,False,False,False,False
ISS_20250613034248_8604,2024-01-07 02:45:00,Sicherheit,"Die Straßenbeleuchtung in der Gartenstraße ist seit Wochen kaputt, wodurch der Weg abends sehr dunkel und unsicher ist. Besonders für Frauen und ältere Menschen ist das ein echtes Sicherheitsrisiko.",Pegau,Stadt,Sachsen,35-44,female,citizen,LAND_13_IM,Mecklenburg-Vorpommern - Ministerium des Innern,Land,198,29,True,False,False,False,2,6,7,1,1,1,True,False,False,False
ISS_20250613033703_4528,2024-04-17 10:08:00,Umwelt,Die Müllcontainer in unserer Straße werden seit drei Wochen nicht geleert und es stinkt furchtbar. Meine Kinder können nicht mehr draußen spielen und die Nachbarn beschweren sich auch schon.,Bergheim,Gemeinde,Bayern,35-44,female,migrant_non_eu,LAND_07_UM,Rheinland-Pfalz - Ministerium für Umwelt,Land,190,29,True,False,True,False,10,2,17,16,4,2,False,True,True,False
ISS_20250613033746_8423,2023-08-07 23:57:00,Umwelt,"Die Biotonne in der Moorstraße wird seit drei Wochen nicht geleert und stinkt fürchterlich. Meine Nachbarn und ich haben schon mehrmals angerufen, aber passiert ist nichts - langsam kommen die Maden und Fliegen.",Lilienthal,Gemeinde,Niedersachsen,55-64,male,citizen,LAND_01_MW,Schleswig-Holstein - Ministerium für Wirtschaft,Land,211,33,True,False,False,False,23,0,7,32,8,3,False,False,False,False
ISS_20250613033729_8985,2023-06-12 10:41:00,Umwelt,"Die Mülltrennung in unserem Wohngebiet funktioniert nicht richtig - die gelben Säcke werden oft wochenlang nicht abgeholt und der Wind verteilt den Müll überall. Das sieht nicht nur schlecht aus, sondern zieht auch Ungeziefer an.",Roding,Stadt,Bayern,25-34,male,citizen,LAND_07_UM,Rheinland-Pfalz - Ministerium für Umwelt,Land,229,35,False,False,True,False,10,0,12,24,6,2,False,True,True,False
ISS_20250613034146_9683,2023-06-29 11:39:00,Migration,"Die Wartezeiten im Bürgerbüro sind seit Monaten unerträglich geworden. Für einen einfachen Personalausweisantrag muss man über drei Stunden warten, weil zu wenig Personal da ist und die Termine völlig überlastet sind.",Kirchham,Gemeinde,Bayern,25-34,female,citizen,LAND_06_SM,Hessen - Ministerium für Soziales,Land,217,31,False,False,False,False,11,3,29,26,6,2,False,True,True,False
ISS_20250613033929_1619,2025-04-22 09:15:00,Sicherheit,"Die Straßenbeleuchtung in der Mühlstraße ist seit Wochen kaputt und abends ist es dort stockdunkel. Als Frau traue ich mich nicht mehr alleine nach Hause zu gehen, weil man nichts sieht und es sehr unsicher wirkt.",Dingelstädt,Stadt,Thüringen,45-54,female,migrant_non_eu,LAND_06_UM,Hessen - Ministerium für Umwelt,Land,213,36,True,False,False,False,9,1,22,17,4,2,False,True,True,False
ISS_20250613034021_3640,2023-10-03 23:52:00,Bildung,Die Schulbusse zur Grundschule Broderstorf fahren seit drei Wochen unregelmäßig und kommen oft 15 Minuten zu spät. Meine Kinder verpassen dadurch ständig die erste Stunde und ich muss sie immer öfter selbst zur Schule fahren.,Broderstorf,Gemeinde,Mecklenburg-Vorpommern,45-54,female,citizen,LAND_14_BM,Sachsen - Ministerium für Bildung,Land,225,35,True,True,False,False,23,1,3,40,10,4,False,False,False,False
ISS_20250613034152_4691,2024-10-22 09:45:00,Sicherheit,"Der Fußweg zur S-Bahn-Station ist abends völlig unbeleuchtet und durch die Baustelle sehr unübersichtlich geworden. Als Pendler fühle ich mich dort unsicher, besonders im Winter wenn es früh dunkel wird.",Aschau i.Chiemgau,Gemeinde,Bayern,25-34,male,migrant_eu,LAND_16_IM,Thüringen - Ministerium des Innern,Land,203,30,True,False,False,False,9,1,22,43,10,4,False,True,True,False
ISS_20250613034017_1819,2023-01-24 09:30:00,Bildung,"Mein Sohn besucht die 8. Klasse am Gymnasium und hat seit drei Wochen keinen Mathematikunterricht, weil die Lehrerin krank ist und keine Vertretung gefunden wird. Die Schüler sollen sich den Stoff selbst erarbeiten - das kann nicht sein!",Wörth am Rhein,Stadt,Rheinland-Pfalz,45-54,female,citizen,LAND_09_BM,Bayern - Ministerium für Bildung,Land,237,38,False,True,False,False,9,1,24,4,1,1,False,True,True,False
ISS_20250613034015_4671,2025-04-08 16:03:00,Bildung,"Die Schulbusse zur Grundschule Kutenholz kommen seit drei Wochen immer 10-15 Minuten zu spät an. Meine Kinder verpassen dadurch regelmäßig die erste Stunde und ich muss sie oft selbst fahren, obwohl wir für den Schulbus bezahlen.",Kutenholz,Gemeinde,Niedersachsen,35-44,female,citizen,LAND_01_BM,Schleswig-Holstein - Ministerium für Bildung,Land,229,36,True,True,False,False,16,1,8,15,4,2,False,True,False,True
ISS_20250613033716_2582,2024-06-16 23:32:00,Digitalisierung,"Die Online-Terminbuchung für das Bürgerbüro funktioniert überhaupt nicht - ständig Fehlermeldungen und dann ist man ewig in der Warteschleife am Telefon. Warum kann man nicht einfach wie früher persönlich vorbeikommen, ohne diesen Computer-Kram?",Loitsche-Heinrichsberg,Gemeinde,Sachsen-Anhalt,55-64,female,citizen,BUND_BUNDESMINISTERIUM_FÜR_DIGITALES_UND_VERKEHR,Bundesministerium für Digitales und Verkehr,Bund,245,33,False,False,False,False,23,6,16,24,6,2,True,False,False,False
ISS_20250613034017_3714,2023-12-27 09:10:00,Sicherheit,"Die Straßenbeleuchtung in der Römerstraße ist seit drei Wochen kaputt und nachts ist es dort stockfinster. Als Mutter habe ich Angst, dass meine Kinder auf dem Heimweg von Freunden stürzen oder sich verletzen könnten.",Wildflecken,Gemeinde,Bayern,35-44,female,citizen,LAND_04_IM,Bremen - Ministerium des Innern,Land,217,34,True,False,False,False,9,2,27,52,12,4,False,True,True,False
ISS_20250613034002_8517,2024-09-02 11:10:00,Bildung,"Die Schulbusse zu unserer Grundschule in Peenehagen fahren seit drei Wochen völlig unzuverlässig - mal kommen sie 20 Minuten zu spät, mal gar nicht. Meine Kinder und andere Schüler verpassen dadurch regelmäßig die erste Stunde.",Peenehagen,Gemeinde,Mecklenburg-Vorpommern,45-54,female,citizen,LAND_02_BM,Hamburg - Ministerium für Bildung,Land,227,35,True,True,False,False,11,0,2,36,9,3,False,True,True,False
ISS_20250613034246_2819,2024-03-26 10:46:00,Gesundheit,"Die Warteschlange beim Hausarzt in Weitenhagen ist unmöglich - drei Stunden Wartezeit für einen Termin sind normal. Wir brauchen dringend mehr Ärzte hier, besonders für junge Familien mit Kindern ist die medizinische Versorgung katastrophal.",Weitenhagen,Gemeinde,Mecklenburg-Vorpommern,25-34,female,citizen,LAND_04_GM,Bremen - Ministerium für Gesundheit,Land,241,34,False,False,False,True,10,1,26,13,3,1,False,True,True,False
ISS_20250613034201_8242,2023-07-14 10:02:00,Sicherheit,"Die Straßenbeleuchtung in der Dorfstraße ist seit Wochen kaputt, wodurch der Weg zur Bushaltestelle abends völlig dunkel ist. Als alleinerziehende Mutter fühle ich mich sehr unsicher, wenn ich spät von der Arbeit nach Hause komme.",Großharrie,Gemeinde,Schleswig-Holstein,35-44,female,migrant_eu,LAND_08_IM,Baden-Württemberg - Ministerium des Innern,Land,230,35,True,False,False,False,10,4,14,28,7,3,False,True,True,False
ISS_20250613034301_9542,2024-02-18 12:32:00,Umwelt,"Die illegale Müllentsorgung am Waldrand zwischen Osterburg und Krumke wird immer schlimmer. Alte Autoreifen, Bauschutt und Haushaltsabfälle verschandeln die Natur und gefährden das Grundwasser - hier muss dringend kontrolliert und aufgeräumt werden.",Osterburg (Altmark),Stadt,Sachsen-Anhalt,45-54,male,migrant_eu,LAND_14_UM,Sachsen - Ministerium für Umwelt,Land,249,32,False,False,True,False,12,6,18,7,2,1,True,True,True,True
ISS_20250613034114_8498,2025-05-18 18:00:00,Sicherheit,Der Wanderweg am Pleckensteiner Wald ist seit Wochen durch umgestürzte Bäume blockiert und die Absperrung fehlt komplett. Gestern wäre ich fast über einen dicken Ast gestürzt - das ist eine echte Gefahr für alle Wanderer und Jogger.,Pleckensteiner Wald,Gemeindefreies Gebiet,Bayern,35-44,male,citizen,LAND_09_IM,Bayern - Ministerium des Innern,Land,232,37,False,False,False,False,18,6,18,20,5,2,True,False,False,True
ISS_20250613033802_2135,2024-07-03 04:06:00,Sicherheit,"Die Straßenbeleuchtung in der Bergstraße ist seit Wochen kaputt, wodurch der Weg zur Bushaltestelle abends sehr dunkel und unsicher ist. Besonders für Frauen und ältere Bürger ist das ein echtes Sicherheitsrisiko.",Elterlein,Stadt,Sachsen,35-44,male,migrant_eu,LAND_14_IM,Sachsen - Ministerium des Innern,Land,213,31,True,False,False,False,4,2,3,27,7,3,False,False,False,False
ISS_20250613034234_2600,2023-06-16 00:21:00,Bildung,"Die Kita in Much hat schon wieder eine Gruppe geschlossen, weil Erzieherinnen krank sind. Mein Sohn kann nicht betreut werden und ich muss ständig von der Arbeit fernbleiben - das kann so nicht weitergehen!",Much,Gemeinde,Nordrhein-Westfalen,25-34,female,citizen,LAND_10_BM,Saarland - Ministerium für Bildung,Land,206,34,False,True,False,False,0,4,16,24,6,2,False,False,False,False
ISS_20250613034209_4666,2024-05-04 11:02:00,Bildung,Die Schulbusse zur Grundschule Bad Endbach kommen seit drei Wochen regelmäßig 10-15 Minuten zu spät an. Meine Enkelkinder verpassen dadurch den Unterrichtsbeginn und stehen bei schlechtem Wetter im Regen.,Bad Endbach,Gemeinde,Hessen,55-64,male,citizen,LAND_10_BM,Saarland - Ministerium für Bildung,Land,204,29,True,True,False,False,11,5,4,18,5,2,True,True,True,False
ISS_20250613033857_2319,2023-04-05 22:54:00,Migration,"Die Bearbeitung meines Antrags auf Familienzusammenführung für meinen Schwiegersohn dauert bereits acht Monate ohne jede Rückmeldung. Ich bitte um Auskunft über den aktuellen Stand, da meine Tochter und ihr Mann endlich zusammenleben möchten.",Templin,Stadt,Brandenburg,45-54,female,citizen,LAND_06_SM,Hessen - Ministerium für Soziales,Land,242,33,False,False,False,False,22,2,5,14,4,2,False,False,False,False
ISS_20250613033958_2634,2023-02-08 10:17:00,Digitalisierung,"Das Online-Portal der Stadtverwaltung ist ständig überlastet und stürzt ab, wenn man Formulare ausfüllen will. Für einen einfachen Wohnsitznachweis muss ich trotzdem persönlich vorbeikommen, obwohl das digital möglich sein sollte.",Blaubeuren,Stadt,Baden-Württemberg,35-44,female,citizen,BUND_BUNDESMINISTERIUM_FÜR_DIGITALES_UND_VERKEHR,Bundesministerium für Digitales und Verkehr,Bund,230,30,False,False,False,False,10,2,8,6,2,1,False,True,True,False
ISS_20250613034018_6606,2023-03-06 07:08:00,Migration,"""Die Bearbeitung meines Antrags auf Familienzusammenführung für meinen Schwiegersohn aus Polen dauert bereits acht Monate. Wann kann ich endlich mit einer Entscheidung rechnen? Meine Tochter und die Enkelkinder leiden unter dieser endlosen Warterei.""",Schwasdorf,Gemeinde,Mecklenburg-Vorpommern,65+,male,citizen,LAND_15_SM,Sachsen-Anhalt - Ministerium für Soziales,Land,250,33,False,False,False,False,7,0,6,10,3,1,False,False,True,False
ISS_20250613033649_9390,2023-07-07 09:47:00,Bildung,"Die Schultoiletten in der örtlichen Grundschule sind in einem katastrophalen Zustand - defekte Spülungen, fehlende Seife und kaputte Türschlösser. Meine Enkelin weigert sich, dort zur Toilette zu gehen, was unhaltbar ist.",Wanzleben-Börde,Stadt,Sachsen-Anhalt,55-64,female,citizen,LAND_11_BM,Berlin - Ministerium für Bildung,Land,221,31,False,True,False,False,9,4,7,27,7,3,False,True,True,False
ISS_20250613033958_9191,2025-05-11 11:12:00,Migration,"Das Ausländeramt hat meinen Antrag auf Aufenthaltserlaubnis seit vier Monaten nicht bearbeitet, obwohl alle Unterlagen vollständig eingereicht wurden. Ohne gültige Papiere kann ich weder arbeiten noch meine Familie nachziehen lassen.",Eggenstein-Leopoldshafen,Gemeinde,Baden-Württemberg,25-34,male,migrant_non_eu,LAND_12_SM,Brandenburg - Ministerium für Soziales,Land,233,30,False,False,False,False,11,6,11,19,5,2,True,True,True,False
ISS_20250613033939_8331,2024-05-09 01:40:00,Migration,"Die Bearbeitung meines Antrags auf Anerkennung meiner polnischen Berufsqualifikation als Krankenschwester dauert bereits acht Monate. Ich kann nicht arbeiten und brauche dringend eine Antwort, wann endlich eine Entscheidung getroffen wird.",Dobbin-Linstow,Gemeinde,Mecklenburg-Vorpommern,55-64,female,migrant_eu,LAND_10_SM,Saarland - Ministerium für Soziales,Land,239,30,False,False,False,False,1,3,9,19,5,2,False,False,False,False
ISS_20250613034117_5273,2025-04-10 08:00:00,Sicherheit,"Am Bahnhof Herbsleben ist seit Monaten die Beleuchtung kaputt und abends völlig dunkel. Besonders für Pendler und ältere Bürger ist das gefährlich, weil man die Stufen und Gleise kaum sieht. Bitte reparieren Sie endlich die Lampen!",Herbsleben,Gemeinde,Thüringen,45-54,male,citizen,LAND_09_IM,Bayern - Ministerium des Innern,Land,231,36,True,False,False,False,8,3,10,15,4,2,False,True,True,False
ISS_20250613033701_9435,2024-08-16 16:04:00,Gesundheit,"Die Wartezeit beim Hausarzt in Meuselwitz beträgt mittlerweile über drei Wochen für einen normalen Termin. Als Rentner mit Bluthochdruck ist das untragbar - wir brauchen dringend mehr Ärzte in der Stadt, sonst gefährdet das unsere Gesundheit.",Meuselwitz,Stadt,Thüringen,55-64,male,citizen,LAND_08_GM,Baden-Württemberg - Ministerium für Gesundheit,Land,242,36,False,False,False,True,16,4,16,33,8,3,False,True,False,True
ISS_20250613033851_5945,2024-09-28 06:10:00,Sicherheit,"Der Fußweg entlang der Dorfstraße ist abends völlig unbeleuchtet und durch Schlaglöcher gefährlich. Als Frau traue ich mich nach Einbruch der Dunkelheit nicht mehr allein nach Hause zu gehen, weil man nichts sieht und leicht stürzen kann.",Gräben,Gemeinde,Brandenburg,45-54,female,citizen,LAND_14_UM,Sachsen - Ministerium für Umwelt,Land,238,37,True,False,False,False,6,5,28,39,9,3,True,False,True,False
ISS_20250613034133_5723,2025-03-30 23:30:00,Bildung,"Die Volkshochschule hat schon wieder den Computerkurs für Senioren abgesagt - das ist der dritte Kurs dieses Jahr! Wir älteren Bürger haben auch ein Recht darauf, mit der digitalen Welt Schritt zu halten.",Krems II,Gemeinde,Schleswig-Holstein,65+,male,citizen,LAND_11_BM,Berlin - Ministerium für Bildung,Land,204,33,False,True,False,False,23,6,30,13,3,1,True,False,False,False
ISS_20250613034056_2338,2023-10-28 23:50:00,Wirtschaft,"Die Gewerbesteuer für kleine Betriebe in Neunkirchen ist viel zu hoch im Vergleich zu Nachbargemeinden. Viele lokale Geschäfte schließen deshalb oder ziehen weg, was unsere Ortskerne aussterben lässt und Arbeitsplätze kostet.",Neunkirchen a.Brand,Gemeinde,Bayern,45-54,female,citizen,LAND_12_MW,Brandenburg - Ministerium für Wirtschaft,Land,225,31,False,False,False,False,23,5,28,43,10,4,True,False,False,False
ISS_20250613033926_9531,2024-07-10 19:29:00,Sicherheit,"Die Straßenbeleuchtung am Waldweg zwischen Solling und Dassel ist seit Monaten kaputt. Abends ist es dort stockfinster und als Familienvater mache ich mir Sorgen um die Sicherheit, besonders für Kinder und ältere Menschen.",Solling (Landkreis Northeim),Gemeindefreies Gebiet,Niedersachsen,35-44,male,migrant_eu,LAND_03_IM,Niedersachsen - Ministerium des Innern,Land,222,33,True,False,False,False,19,2,10,28,7,3,False,False,False,False
ISS_20250613033658_4160,2023-01-21 00:10:00,Bildung,Die Heizung in der Regelschule am Neumarkt ist seit drei Wochen kaputt. Mein Sohn und seine Mitschüler frieren im Unterricht und können sich nicht konzentrieren. Wann wird das endlich repariert?,Schleiz,Stadt,Thüringen,45-54,male,citizen,LAND_08_BM,Baden-Württemberg - Ministerium für Bildung,Land,194,30,False,True,False,False,0,5,21,3,1,1,True,False,False,False
ISS_20250613033815_3703,2023-01-18 00:12:00,Digitalisierung,"Das Online-Portal der Gemeinde ist ständig überlastet und stürzt ab, wenn man Anträge stellen will. Ich habe jetzt schon dreimal versucht, meinen Wohnsitz umzumelden, aber die Seite funktioniert einfach nicht richtig.",Bienenbüttel,Gemeinde,Niedersachsen,25-34,female,citizen,BUND_BUNDESMINISTERIUM_FÜR_DIGITALES_UND_VERKEHR,Bundesministerium für Digitales und Verkehr,Bund,217,31,False,False,False,False,0,2,18,3,1,1,False,False,False,False
ISS_20250613033915_6076,2023-01-06 22:05:00,Bildung,"Die Turnhalle der Grundschule Emmerthal ist seit drei Monaten wegen Wasserschäden gesperrt, meine Tochter hat seitdem keinen Sportunterricht mehr. Wann wird endlich repariert, damit die Kinder wieder normal am Unterricht teilnehmen können?",Emmerthal,Gemeinde,Niedersachsen,25-34,male,citizen,LAND_03_BM,Niedersachsen - Ministerium für Bildung,Land,239,32,False,True,False,False,22,4,6,1,1,1,False,False,False,False
ISS_20250613033955_9393,2023-04-24 22:49:00,Bildung,"Die Toiletten in der örtlichen Grundschule sind seit Monaten in einem unhaltbaren Zustand - kaputte Spülungen, fehlende Seife und verschmutzte Räume. Mein Sohn weigert sich, dort zur Toilette zu gehen, was nicht akzeptabel ist.",Schellerten,Gemeinde,Niedersachsen,25-34,male,citizen,LAND_05_BM,Nordrhein-Westfalen - Ministerium für Bildung,Land,227,34,False,True,False,False,22,0,24,17,4,2,False,False,False,False
ISS_20250613033707_6649,2023-06-01 06:15:00,Verkehr,"Die Bushaltestelle an der Dorfstraße hat kein Wartehäuschen und bei Regen stehen die Fahrgäste völlig im Nassen. Besonders für ältere Mitbürger ist das unzumutbar, wenn der Bus mal wieder Verspätung hat.",Nutteln,Gemeinde,Schleswig-Holstein,45-54,female,citizen,LAND_06_VM,Hessen - Ministerium für Verkehr,Land,203,31,True,False,False,False,6,3,1,22,6,2,False,False,True,False
ISS_20250613034015_6578,2023-08-23 19:25:00,Gesundheit,"Der Hausarzt in unserem Ort hat seine Praxis geschlossen und der nächste Arzt ist 25 Kilometer entfernt. Für Familien ohne Auto ist das ein großes Problem, besonders wenn die Kinder krank sind.",Rehm-Flehde-Bargen,Gemeinde,Schleswig-Holstein,35-44,female,migrant_eu,LAND_14_GM,Sachsen - Ministerium für Gesundheit,Land,193,32,False,False,False,True,19,2,23,34,8,3,False,False,False,False
ISS_20250613033841_6924,2024-12-10 09:48:00,Umwelt,"Die Mülleimer im Kurpark sind seit Tagen überfüllt und der Abfall liegt überall rum. Das sieht nicht nur eklig aus, sondern lockt auch Ungeziefer an - können Sie bitte dafür sorgen, dass die öfter geleert werden?",Schönebeck (Elbe),Stadt,Sachsen-Anhalt,18-24,male,citizen,LAND_03_UM,Niedersachsen - Ministerium für Umwelt,Land,212,36,False,False,True,False,9,1,10,50,12,4,False,True,True,False
ISS_20250613033802_3882,2023-07-09 16:30:00,Gesundheit,"Die Wartezeit beim Gesundheitsamt für einen Termin zur Gesundheitsberatung beträgt aktuell über 8 Wochen. Als berufstätige Mutter brauche ich dringend einen Beratungstermin für mein Kind, aber die langen Wartezeiten sind unzumutbar.",Wipperfürth,Stadt,Nordrhein-Westfalen,35-44,female,citizen,LAND_16_SM,Thüringen - Ministerium für Soziales,Land,232,31,False,False,False,False,16,6,9,27,7,3,True,True,False,True
ISS_20250613034033_2847,2024-03-12 17:53:00,Bildung,"Die Kita in Bramstedtlund hat seit Monaten zu wenig Erzieherinnen, deshalb werden die Öffnungszeiten ständig verkürzt. Als berufstätige Mutter kann ich mein Kind oft nicht rechtzeitig abholen und bekomme Probleme mit meinem Arbeitgeber.",Bramstedtlund,Gemeinde,Schleswig-Holstein,25-34,female,citizen,LAND_06_BM,Hessen - Ministerium für Bildung,Land,236,33,False,True,False,False,17,1,12,11,3,1,False,True,False,True
ISS_20250613034134_3405,2023-11-08 00:36:00,Umwelt,Die Mülltrennung in unserer Siedlung funktioniert nicht richtig - viele Nachbarn werfen alles in die Restmülltonne. Dadurch stinkt es furchtbar und die Müllabfuhr nimmt die Tonnen manchmal nicht mit. Können Sie bitte Kontrollen machen?,Kelkheim (Taunus),Stadt,Hessen,55-64,male,migrant_eu,LAND_06_UM,Hessen - Ministerium für Umwelt,Land,235,34,False,False,True,False,0,2,8,45,11,4,False,False,False,False
ISS_20250613033900_6255,2023-08-12 14:13:00,Umwelt,"Die Mülltrennung in unserem Wohngebiet funktioniert nicht richtig - ständig werden Gelbe Säcke und Restmüll wild durcheinander entsorgt. Das zieht Ungeziefer an und sieht schrecklich aus, besonders für die Kinder auf dem Spielplatz nebenan.",Kempen,Stadt,Nordrhein-Westfalen,35-44,female,citizen,LAND_05_UM,Nordrhein-Westfalen - Ministerium für Umwelt,Land,240,34,False,False,True,False,14,5,12,32,8,3,True,True,False,True
ISS_20250613034043_8337,2023-07-13 13:17:00,Bildung,"Die Schulbusse zur Grundschule kommen seit drei Wochen täglich zu spät, meine Tochter verpasst dadurch regelmäßig die erste Stunde. Andere Eltern haben das gleiche Problem - wann wird endlich der Fahrplan angepasst?",Lamspringe,Gemeinde,Niedersachsen,45-54,female,citizen,LAND_10_BM,Saarland - Ministerium für Bildung,Land,215,32,True,True,False,False,13,3,13,28,7,3,False,True,False,True
ISS_20250613033801_5573,2024-10-29 06:52:00,Gesundheit,"Die Wartezeit beim Hausarzt in Koberg ist unmöglich geworden - drei Wochen für einen normalen Termin! Für Berufstätige wie mich ist das ein echtes Problem, weil man dann notgedrungen in die Notaufnahme muss.",Koberg,Gemeinde,Schleswig-Holstein,25-34,male,citizen,LAND_14_GM,Sachsen - Ministerium für Gesundheit,Land,207,33,False,False,False,True,6,1,29,44,10,4,False,False,True,False
ISS_20250613033710_9990,2023-11-28 10:39:00,Umwelt,"Der Grünschnitt am Ortseingang von Heiligengrabe wird seit Monaten nicht abgeholt und fault vor sich hin. Das stinkt erbärmlich und lockt massenhaft Ungeziefer an - meine Nachbarn beschweren sich schon bei mir, als wäre ich schuld daran.",Heiligengrabe,Gemeinde,Brandenburg,45-54,male,citizen,LAND_03_UM,Niedersachsen - Ministerium für Umwelt,Land,237,37,False,False,True,False,10,1,28,48,11,4,False,True,True,False
ISS_20250613034120_5597,2023-08-12 01:25:00,Wirtschaft,Die Gewerbesteuer für kleine Betriebe in St. Bernhard ist viel zu hoch im Vergleich zu den Nachbargemeinden. Dadurch wandern immer mehr Geschäfte ab und unsere Ortsmitte stirbt aus. Das schadet der ganzen Gemeinde wirtschaftlich.,St. Bernhard,Gemeinde,Thüringen,45-54,female,citizen,LAND_15_MW,Sachsen-Anhalt - Ministerium für Wirtschaft,Land,229,34,False,False,False,False,1,5,12,32,8,3,True,False,False,False
ISS_20250613034205_7496,2024-09-13 12:55:00,Sicherheit,"Die Beleuchtung am Fußweg zwischen Bahnhof und Innenstadt ist seit Wochen kaputt. Als junge Frau traue ich mich abends nicht mehr alleine nach Hause zu laufen, weil der Weg komplett dunkel ist.",Rüthen,Stadt,Nordrhein-Westfalen,18-24,female,citizen,LAND_10_IM,Saarland - Ministerium des Innern,Land,193,32,True,False,False,False,12,4,13,37,9,3,False,True,True,True
ISS_20250613034053_1409,2024-04-06 09:18:00,Umwelt,"Der Containerplatz an der Rheinstraße quillt seit Tagen über und der Wind verteilt den Müll in unserem Viertel. Meine Kinder können nicht mehr draußen spielen, weil überall Abfall herumliegt und es stinkt.",Wilhelmshaven,Stadt,Niedersachsen,45-54,male,migrant_non_eu,LAND_11_UM,Berlin - Ministerium für Umwelt,Land,205,32,True,False,True,False,9,5,6,14,4,2,True,True,True,False
ISS_20250613034241_2219,2025-06-10 03:20:00,Umwelt,Die Mülltrennung in unserem Wohngebiet funktioniert nicht richtig - viele Nachbarn werfen alles in einen Container. Dadurch stinkt es sehr und Ungeziefer kommt. Bitte mehr Kontrollen und bessere Aufklärung für alle Bewohner.,Langenau,Stadt,Baden-Württemberg,55-64,male,migrant_non_eu,LAND_08_UM,Baden-Württemberg - Ministerium für Umwelt,Land,224,32,False,False,True,False,3,1,10,24,6,2,False,False,False,False
ISS_20250613033818_2389,2023-02-06 22:30:00,Digitalisierung,"Die Online-Terminbuchung für das Bürgerbüro funktioniert seit Wochen nicht richtig - man kann zwar Termine auswählen, aber bekommt keine Bestätigung. Muss ich wirklich extra nach Mainhardt fahren, nur um einen Termin zu vereinbaren?",Mainhardt,Gemeinde,Baden-Württemberg,35-44,female,citizen,BUND_BUNDESMINISTERIUM_FÜR_DIGITALES_UND_VERKEHR,Bundesministerium für Digitales und Verkehr,Bund,232,33,False,False,False,False,22,0,6,6,2,1,False,False,False,False
ISS_20250613034156_3188,2023-01-31 17:24:00,Digitalisierung,"Das Online-Portal der Gemeinde ist total veraltet und funktioniert auf dem Handy überhaupt nicht. Ich kann keinen Termin für meinen neuen Personalausweis buchen, weil die Seite ständig abstürzt - das ist echt nervig für unsere Generation!",Seedorf,Gemeinde,Schleswig-Holstein,18-24,female,citizen,BUND_BUNDESMINISTERIUM_FÜR_DIGITALES_UND_VERKEHR,Bundesministerium für Digitales und Verkehr,Bund,238,36,False,False,False,False,17,1,31,5,1,1,False,True,False,True
ISS_20250613033838_2640,2023-05-01 23:37:00,Bildung,"Die Schulbuslinie nach Hechingen fällt seit drei Wochen immer wieder aus, deshalb muss ich meine Kinder täglich zur Schule fahren. Das kann nicht sein - wir brauchen eine zuverlässige Beförderung für unsere Schulkinder.",Rangendingen,Gemeinde,Baden-Württemberg,35-44,male,citizen,LAND_12_BM,Brandenburg - Ministerium für Bildung,Land,219,33,True,True,False,False,23,0,1,18,5,2,False,False,False,False
ISS_20250613034004_5024,2024-12-11 05:48:00,Bildung,Seit drei Monaten ist die Heizung in der Sekundarschule defekt und mein Sohn friert im Unterricht. Die Kinder können sich nicht konzentrieren und werden ständig krank. Wann wird das endlich repariert?,Marsberg,Stadt,Nordrhein-Westfalen,55-64,male,citizen,LAND_16_BM,Thüringen - Ministerium für Bildung,Land,200,31,False,True,False,False,5,2,11,50,12,4,False,False,False,False
ISS_20250613034249_5216,2024-06-24 08:09:00,Gesundheit,"Die Wartezeiten beim einzigen Hausarzt in Steinhagen sind untragbar - drei Wochen für einen normalen Termin ist viel zu lang. Als junge Mutter brauche ich schnellere medizinische Versorgung, besonders wenn mein Kind krank ist.",Steinhagen,Gemeinde,Mecklenburg-Vorpommern,25-34,female,migrant_eu,LAND_09_SM,Bayern - Ministerium für Soziales,Land,226,34,False,False,False,True,8,0,24,26,6,2,False,True,True,False
ISS_20250613033915_6390,2024-02-28 15:24:00,Bildung,"Die Kita in Fehrbellin hat seit Monaten zu wenig Erzieher, deshalb werden die Öffnungszeiten ständig verkürzt. Als berufstätige Mutter kann ich mein Kind oft nicht rechtzeitig abholen und bekomme Probleme mit meinem Arbeitgeber.",Fehrbellin,Gemeinde,Brandenburg,25-34,female,citizen,LAND_07_BM,Rheinland-Pfalz - Ministerium für Bildung,Land,228,33,False,True,False,False,15,2,28,9,2,1,False,True,False,True
ISS_20250613033734_5521,2023-02-10 06:20:00,Sicherheit,"Die Straßenbeleuchtung in der Wiesenstraße ist seit einem Monat ausgefallen, wodurch der Weg abends sehr unsicher geworden ist. Besonders für ältere Bewohner und Familien mit Kindern ist das ein echtes Sicherheitsrisiko.",Allstedt,Stadt,Sachsen-Anhalt,45-54,male,migrant_eu,LAND_03_UM,Niedersachsen - Ministerium für Umwelt,Land,220,31,True,False,False,False,6,4,10,6,2,1,False,False,True,False
ISS_20250613034201_5360,2024-10-05 05:36:00,Digitalisierung,"Das Online-Portal der Gemeinde ist eine Katastrophe - ständig stürzt es ab, wenn ich Formulare ausfüllen will. Warum kann ich nicht einfach meinen Personalausweis online beantragen, ohne drei Mal neu anzufangen?",Groß Köris,Gemeinde,Brandenburg,55-64,male,citizen,BUND_BUNDESMINISTERIUM_FÜR_DIGITALES_UND_VERKEHR,Bundesministerium für Digitales und Verkehr,Bund,211,31,False,False,False,False,5,5,5,40,10,4,True,False,False,False
ISS_20250613034244_7456,2024-05-04 07:39:00,Wirtschaft,"Die Gewerbesteuer für meinen kleinen Laden ist dieses Jahr um 40% gestiegen, aber gleichzeitig wurden die Parkplätze vor meinem Geschäft abgebaut. Wie soll ich so noch Kunden anlocken und die hohen Abgaben bezahlen?",Dunum,Gemeinde,Niedersachsen,45-54,female,migrant_eu,LAND_08_FM,Baden-Württemberg - Ministerium der Finanzen,Land,215,33,False,False,False,False,7,5,4,18,5,2,True,False,True,False
ISS_20250613034244_2315,2024-01-17 10:50:00,Umwelt,Die Straßenbeleuchtung in der Dorfstraße ist seit drei Wochen komplett ausgefallen. Abends ist es stockfinster und besonders für ältere Mitbürger sehr gefährlich. Wann wird das endlich repariert?,Goldelund,Gemeinde,Schleswig-Holstein,45-54,male,citizen,LAND_13_MW,Mecklenburg-Vorpommern - Ministerium für Wirtschaft,Land,195,27,True,False,False,False,10,2,17,3,1,1,False,True,True,False
ISS_20250613033841_3171,2024-04-06 06:15:00,Migration,Die Bearbeitung meines Antrags auf Familienzusammenführung für meine Schwiegertochter dauert bereits acht Monate ohne jede Rückmeldung. Ich bitte um Auskunft über den aktuellen Stand und eine realistische Zeitschätzung für die Entscheidung.,Ebensfeld,Gemeinde,Bayern,55-64,male,citizen,LAND_13_SM,Mecklenburg-Vorpommern - Ministerium für Soziales,Land,240,31,False,False,False,False,6,5,6,14,4,2,True,False,True,False
ISS_20250613033729_5043,2024-10-08 16:14:00,Sicherheit,"Der Spielplatz an der Dorfstraße ist abends völlig unbeleuchtet und die Jugendlichen treffen sich dort zum Trinken. Als Mutter mache ich mir Sorgen um die Sicherheit meiner Kinder, die dort tagsüber spielen.",Steinhöfel,Gemeinde,Brandenburg,35-44,female,citizen,LAND_11_UM,Berlin - Ministerium für Umwelt,Land,207,32,True,False,False,False,16,1,8,41,10,4,False,True,False,True
ISS_20250613033726_1395,2023-11-03 06:23:00,Wirtschaft,"Die Gewerbeanmeldung für meinen kleinen Laden dauert jetzt schon über sechs Wochen. Andere Unternehmer erzählen das Gleiche - das Gewerbeamt ist völlig überlastet und niemand kann mir sagen, wann endlich eine Entscheidung kommt.",Gummersbach,Stadt,Nordrhein-Westfalen,35-44,diverse,citizen,LAND_09_MW,Bayern - Ministerium für Wirtschaft,Land,228,33,False,False,False,False,6,4,3,44,11,4,False,False,True,False
ISS_20250613033743_2192,2024-04-01 10:57:00,Bildung,"Die Toiletten in der Oberschule meiner Tochter sind seit Monaten kaputt und unhygienisch. Die Kinder müssen teilweise nach Hause gehen, weil sie die Toiletten nicht benutzen können - das ist unzumutbar für die Schüler.",Neuruppin,Stadt,Brandenburg,45-54,female,citizen,LAND_16_BM,Thüringen - Ministerium für Bildung,Land,218,34,False,True,False,False,10,0,1,14,4,2,False,True,True,False
ISS_20250613033726_8760,2025-02-17 08:01:00,Umwelt,"Die Mülleimer im Ortszentrum quellen seit Tagen über und der Gestank wird unerträglich. Besonders am Marktplatz sammeln sich Abfälle, die vom Wind verweht werden und unsere schöne Gemeinde verschmutzen.",Inzigkofen,Gemeinde,Baden-Württemberg,65+,female,citizen,LAND_09_UM,Bayern - Ministerium für Umwelt,Land,202,29,False,False,True,False,8,0,17,8,2,1,False,True,True,False
ISS_20250613034248_8303,2023-04-11 05:56:00,Sicherheit,"Die Straßenbeleuchtung in der Dorfstraße ist seit Wochen defekt, wodurch der Gehweg abends völlig dunkel ist. Besonders für ältere Bewohner und Kinder ist das sehr gefährlich - es gab bereits zwei Stürze wegen der schlechten Sicht.",Züssow,Gemeinde,Mecklenburg-Vorpommern,35-44,female,citizen,LAND_15_UM,Sachsen-Anhalt - Ministerium für Umwelt,Land,231,36,True,False,False,False,5,1,11,15,4,2,False,False,False,False
ISS_20250613033919_2381,2023-04-07 15:00:00,Wirtschaft,Die Gewerbesteuer für kleine Betriebe in Hecklingen ist viel zu hoch im Vergleich zu Nachbargemeinden. Dadurch wandern Unternehmen ab und wir verlieren Arbeitsplätze - das schadet unserer ganzen Region wirtschaftlich.,Hecklingen,Stadt,Sachsen-Anhalt,35-44,female,citizen,LAND_04_FM,Bremen - Ministerium der Finanzen,Land,217,30,False,False,False,False,15,4,7,14,4,2,False,True,False,True
ISS_20250613034053_8235,2023-10-25 04:53:00,Verkehr,"Die Bushaltestelle an der Berliner Straße hat seit einem Monat kein Wartehäuschen mehr, nachdem es bei einem Unfall beschädigt wurde. Bei dem schlechten Wetter stehen wir täglich im Regen und es ist besonders für ältere Menschen sehr unzumutbar.",Hohen Neuendorf,Stadt,Brandenburg,25-34,female,citizen,LAND_13_VM,Mecklenburg-Vorpommern - Ministerium für Verkehr,Land,245,38,True,False,False,False,4,2,25,43,10,4,False,False,False,False
ISS_20250613033729_8281,2025-03-04 07:20:00,Wirtschaft,"Die örtlichen Geschäfte in der Ortsmitte stehen seit Monaten leer, weil die Mieten zu hoch sind. Dadurch stirbt unser Ortskern aus und wir müssen für alles nach Hilpoltstein oder Roth fahren.",Thalmässing,Gemeinde,Bayern,45-54,female,citizen,LAND_04_FM,Bremen - Ministerium der Finanzen,Land,191,31,False,False,False,False,7,1,4,10,3,1,False,False,True,False
ISS_20250613034155_7230,2023-08-13 09:22:00,Bildung,"Die Schulbusse zur Sekundarschule fahren seit drei Wochen unregelmäßig und kommen oft gar nicht. Viele Schüler verpassen dadurch wichtige Prüfungen und Unterrichtsstunden, was unsere Zukunftschancen gefährdet.",Jübar,Gemeinde,Sachsen-Anhalt,18-24,female,citizen,LAND_01_BM,Schleswig-Holstein - Ministerium für Bildung,Land,209,26,True,True,False,False,9,6,13,32,8,3,True,True,True,False
ISS_20250613033707_9057,2025-04-14 04:47:00,Verkehr,Die Bushaltestelle an der Dorfstraße hat kein Wartehäuschen und bei Regen stehen wir alle im Wasser. Besonders für ältere Leute wie mich ist das unmöglich - können Sie bitte endlich einen überdachten Wartebereich bauen?,Bandenitz,Gemeinde,Mecklenburg-Vorpommern,55-64,female,citizen,LAND_09_VM,Bayern - Ministerium für Verkehr,Land,219,34,True,False,False,False,4,0,14,16,4,2,False,False,False,False
ISS_20250613033846_3153,2024-01-10 22:25:00,Bildung,Die Anmeldung meines Sohnes für den Kindergarten in Gärtringen ist extrem kompliziert - alle Formulare nur auf Deutsch und niemand hilft bei Fragen. Als EU-Bürger erwarte ich mehrsprachige Unterstützung bei wichtigen Bildungsangelegenheiten.,Gärtringen,Gemeinde,Baden-Württemberg,25-34,male,migrant_eu,LAND_16_BM,Thüringen - Ministerium für Bildung,Land,241,32,False,False,False,False,22,2,10,2,1,1,False,False,False,False
ISS_20250613034209_5471,2024-01-21 07:04:00,Wirtschaft,"Die örtlichen Geschäfte in Groß Pankow schließen reihenweise, weil junge Leute wegziehen und keine Nachfolger für die Betriebe gefunden werden. Wir brauchen dringend Unterstützung für lokale Unternehmen, sonst wird unser Dorf zur Geisterstadt.",Groß Pankow (Prignitz),Gemeinde,Brandenburg,25-34,female,citizen,LAND_04_FM,Bremen - Ministerium der Finanzen,Land,243,33,False,False,False,False,7,6,21,3,1,1,True,False,True,False
ISS_20250613033821_9654,2023-10-15 22:12:00,Gesundheit,Die Wartezeit für einen Facharzttermin beim Orthopäden hier in Bad Grönenbach beträgt über drei Monate. Als Handwerker mit Rückenproblemen kann ich nicht so lange warten - die Gemeinde sollte sich für mehr Ärzte in der Region einsetzen.,Bad Grönenbach,Gemeinde,Bayern,45-54,male,citizen,LAND_15_SM,Sachsen-Anhalt - Ministerium für Soziales,Land,236,37,False,False,False,True,22,6,15,41,10,4,True,False,False,False
ISS_20250613034244_3997,2023-07-23 11:37:00,Migration,"Die Bearbeitung meines Antrags auf Familienzusammenführung für meine Schwiegertochter dauert bereits acht Monate ohne jede Rückmeldung. Ich bitte um eine Statusmitteilung, da die Ungewissheit für unsere Familie sehr belastend ist.",Bollendorf,Gemeinde,Rheinland-Pfalz,55-64,female,citizen,LAND_15_SM,Sachsen-Anhalt - Ministerium für Soziales,Land,230,30,False,False,False,False,11,6,23,29,7,3,True,True,True,False
ISS_20250613034238_5366,2025-01-07 17:37:00,Digitalisierung,"Das Online-Portal der Gemeinde ist ständig überlastet und stürzt ab, wenn man Anträge stellen will. Warum muss ich für jeden Papierkram extra ins Rathaus fahren, wenn die Digitalisierung doch funktionieren sollte?",Eimke,Gemeinde,Niedersachsen,35-44,female,citizen,BUND_BUNDESMINISTERIUM_FÜR_DIGITALES_UND_VERKEHR,Bundesministerium für Digitales und Verkehr,Bund,213,31,False,False,False,False,17,1,7,2,1,1,False,True,False,True
ISS_20250613033935_5517,2023-03-18 23:50:00,Migration,Die Bearbeitung meines Antrags auf Familienzusammenführung dauert bereits acht Monate ohne jede Rückmeldung vom Ausländeramt. Meine Kinder warten in der Heimat und ich brauche endlich eine verbindliche Auskunft zum Stand des Verfahrens.,Schlangenbad,Gemeinde,Hessen,35-44,female,citizen,LAND_12_SM,Brandenburg - Ministerium für Soziales,Land,236,32,False,False,False,False,23,5,18,11,3,1,True,False,False,False
ISS_20250613034033_8750,2024-08-24 03:14:00,Digitalisierung,"Das Online-Portal für Anträge ist ständig überlastet und stürzt ab, wenn man Dokumente hochladen will. Ich versuche seit drei Wochen, meinen Wohnsitzwechsel zu melden, aber es funktioniert einfach nicht - das ist echt frustrierend!",Spremberg,Stadt,Brandenburg,25-34,male,citizen,BUND_BUNDESMINISTERIUM_FÜR_DIGITALES_UND_VERKEHR,Bundesministerium für Digitales und Verkehr,Bund,231,34,False,False,False,False,3,5,24,34,8,3,True,False,False,False
ISS_20250613034137_3796,2023-03-15 04:12:00,Migration,"Die Bearbeitung meines Antrags auf Familienzusammenführung dauert bereits acht Monate ohne jede Rückmeldung vom Ausländeramt. Meine Kinder warten in der Heimat und können nicht zur Schule, während ich hier arbeite und Steuern zahle.",Ebermannstadt,Stadt,Bayern,35-44,female,citizen,LAND_03_SM,Niedersachsen - Ministerium für Soziales,Land,232,33,False,True,False,False,4,2,15,11,3,1,False,False,False,False
ISS_20250613034047_6092,2023-01-05 00:14:00,Verkehr,"Die Bushaltestelle an der Schulstraße hat kein Wartehäuschen und bei Regen stehen die Kinder völlig im Nassen. Besonders morgens ist das ein Problem, weil meine Tochter dann durchnässt in die Schule kommt.",Sonsbeck,Gemeinde,Nordrhein-Westfalen,35-44,female,migrant_non_eu,LAND_01_VM,Schleswig-Holstein - Ministerium für Verkehr,Land,205,32,True,True,False,False,0,3,5,1,1,1,False,False,False,False
ISS_20250613033758_3080,2025-04-07 08:02:00,Umwelt,"Die Mülleimer im Kantpark sind seit über einer Woche überfüllt und der Müll liegt überall verstreut. Besonders beim Spielplatz ist es unhygienisch für die Kinder, und es stinkt bereits unerträglich.",Duisburg,Stadt,Nordrhein-Westfalen,35-44,male,citizen,LAND_11_MW,Berlin - Ministerium für Wirtschaft,Land,198,30,False,False,True,False,8,0,7,15,4,2,False,True,True,False
ISS_20250613034244_5437,2024-04-07 11:52:00,Umwelt,"Der Grünschnitt an der Dorfstraße wird seit drei Wochen nicht abgeholt und beginnt zu verrotten. Meine Nachbarn und ich haben schon mehrmals angerufen, aber es passiert nichts - das stinkt mittlerweile und lockt Ungeziefer an.",Bahrenborstel,Gemeinde,Niedersachsen,35-44,female,citizen,LAND_11_UM,Berlin - Ministerium für Umwelt,Land,226,35,True,False,True,False,11,6,7,14,4,2,True,True,True,False
ISS_20250613033805_5152,2024-10-17 10:31:00,Umwelt,"Die Recycling-Container am Marktplatz sind seit drei Wochen überfüllt und der Müll liegt überall herum. Das sieht nicht nur schlecht aus, sondern lockt auch Ungeziefer an - bitte um schnelle Abhholung.",Nördlingen,Stadt,Bayern,55-64,male,migrant_eu,LAND_02_UM,Hamburg - Ministerium für Umwelt,Land,201,31,False,False,True,False,10,3,17,42,10,4,False,True,True,False
ISS_20250613034118_1228,2024-05-06 20:24:00,Bildung,"Die Toiletten in der örtlichen Grundschule sind seit Monaten in einem unhygienischen Zustand. Meine Enkelin erzählt, dass viele Kinder lieber den ganzen Schultag warten, als diese Toiletten zu benutzen - das kann nicht sein!",Hann.Münden,Stadt,Niedersachsen,55-64,female,citizen,LAND_15_BM,Sachsen-Anhalt - Ministerium für Bildung,Land,224,34,False,True,False,False,20,0,6,19,5,2,False,False,False,False
ISS_20250613033939_6089,2023-12-08 15:16:00,Bildung,"In der Grundschule Klietz fallen seit Monaten regelmäßig Mathestunden aus, weil die Lehrerin krank ist und kein Ersatz gefunden wird. Mein Sohn verpasst dadurch wichtigen Lernstoff und ich mache mir Sorgen um seine schulische Entwicklung.",Klietz,Gemeinde,Sachsen-Anhalt,45-54,male,citizen,LAND_11_BM,Berlin - Ministerium für Bildung,Land,238,35,False,True,False,False,15,4,8,49,12,4,False,True,False,True
ISS_20250613033907_1623,2024-12-03 07:35:00,Umwelt,"Die illegale Müllentsorgung im Waldgebiet zwischen Grunow und Dammendorf nimmt überhand. Täglich werden dort Autoreifen, Elektroschrott und Hausmüll abgeladen, was die Natur verschmutzt und Wildtiere gefährdet.",Grunow-Dammendorf,Gemeinde,Brandenburg,25-34,male,citizen,LAND_01_MW,Schleswig-Holstein - Ministerium für Wirtschaft,Land,210,26,False,False,True,False,7,1,3,49,12,4,False,False,True,False
ISS_20250613034158_7151,2025-03-19 05:40:00,Sicherheit,Der Fußweg vom Bahnhof zur Innenstadt ist abends völlig unbeleuchtet und ich fühle mich dort sehr unsicher. Besonders nach der Spätschicht ist es richtig dunkel und man sieht nichts - könnte da bitte endlich Beleuchtung installiert werden?,Sulza,Gemeinde,Thüringen,18-24,male,migrant_eu,LAND_06_IM,Hessen - Ministerium des Innern,Land,239,37,True,False,False,False,5,2,19,12,3,1,False,False,False,False
ISS_20250613034135_7312,2023-12-28 07:56:00,Bildung,"Die Turnhalle der Grundschule Karwitz ist seit drei Monaten gesperrt wegen Schimmelbefall. Mein Sohn und seine Mitschüler haben seitdem keinen Sportunterricht mehr, obwohl das Schuljahr schon fast vorbei ist.",Karwitz,Gemeinde,Niedersachsen,35-44,male,citizen,LAND_02_BM,Hamburg - Ministerium für Bildung,Land,208,29,False,True,False,False,7,3,28,52,12,4,False,False,True,False
ISS_20250613033736_5390,2025-03-31 09:43:00,Verkehr,Die Parksituation in der Innenstadt ist katastrophal - seit dem neuen Einkaufszentrum finde ich als Anwohner keinen Parkplatz mehr vor meiner Haustür. Bitte schaffen Sie mehr Anwohnerparkplätze oder führen eine Parkraumbewirtschaftung ein.,Fladungen,Stadt,Bayern,25-34,male,citizen,LAND_02_VM,Hamburg - Ministerium für Verkehr,Land,239,32,False,False,False,False,9,0,31,14,3,1,False,True,True,False
ISS_20250613034209_5786,2023-12-21 12:19:00,Gesundheit,Die Wartezeit für einen Facharzttermin beim Orthopäden beträgt hier über vier Monate. Für Berufstätige mit Rückenproblemen ist das untragbar - wir brauchen dringend mehr Fachärzte in der Region oder bessere Terminvergabe.,Ottenhöfen im Schwarzwald,Gemeinde,Baden-Württemberg,35-44,male,citizen,LAND_11_SM,Berlin - Ministerium für Soziales,Land,221,31,False,False,False,True,12,3,21,51,12,4,False,True,True,True
ISS_20250613034012_4163,2024-08-24 15:11:00,Umwelt,"Die Mülleimer im Ortskern von Reken quellen seit Tagen über und der Gestank ist unerträglich. Besonders am Marktplatz stapelt sich der Abfall, was Ungeziefer anzieht und das Ortsbild verschandelt.",Reken,Gemeinde,Nordrhein-Westfalen,18-24,female,citizen,LAND_13_UM,Mecklenburg-Vorpommern - Ministerium für Umwelt,Land,196,29,False,False,True,False,15,5,24,34,8,3,True,True,False,True
ISS_20250613034005_4606,2024-10-28 11:24:00,Verkehr,"Die Baustelle an der B482 bei Petershagen dauert schon drei Monate und die Umleitung durch die Wohngebiete ist eine Katastrophe. Schwere LKWs fahren jetzt durch schmale Straßen wo Kinder spielen, das kann nicht so weitergehen.",Petershagen,Stadt,Nordrhein-Westfalen,55-64,male,migrant_eu,LAND_08_VM,Baden-Württemberg - Ministerium für Verkehr,Land,226,35,True,False,False,False,11,0,28,44,10,4,False,True,True,False
ISS_20250613033650_2958,2023-11-25 02:14:00,Verkehr,"Die Straße durch den Kaufunger Wald ist voller Schlaglöcher und wird von Lkws viel zu schnell befahren. Als Anwohnerin mache ich mir Sorgen um die Sicherheit der Spaziergänger und Radfahrer, die hier täglich unterwegs sind.",Gutsbezirk Kaufunger Wald,Gemeindefreies Gebiet,Hessen,55-64,female,citizen,LAND_11_VM,Berlin - Ministerium für Verkehr,Land,223,35,True,False,False,False,2,5,25,47,11,4,True,False,False,False
ISS_20250613033736_9646,2023-04-29 09:44:00,Sicherheit,"Die Straßenbeleuchtung in der Kirchgasse ist seit Monaten kaputt, abends ist es dort stockdunkel. Als Frau traue ich mich nicht mehr alleine nach Hause zu gehen, das ist wirklich gefährlich geworden.",Neuenstein,Gemeinde,Hessen,45-54,female,migrant_eu,LAND_07_IM,Rheinland-Pfalz - Ministerium des Innern,Land,199,31,True,False,False,False,9,5,29,17,4,2,True,True,True,False
ISS_20250613034129_5512,2024-09-02 11:40:00,Umwelt,"Die illegale Müllentsorgung am Waldrand hinter dem Campingplatz wird immer schlimmer. Dort liegen jetzt sogar alte Autoreifen und Bauschutt rum, das verseucht den Boden und schadet der Natur hier in Ückeritz.",Ückeritz,Gemeinde,Mecklenburg-Vorpommern,45-54,male,citizen,LAND_03_MW,Niedersachsen - Ministerium für Wirtschaft,Land,208,31,False,False,True,False,11,0,2,36,9,3,False,True,True,False
ISS_20250613033933_9863,2025-04-10 18:28:00,Migration,"Die Wartezeiten im Ausländeramt sind unzumutbar - mein Nachbar wartet seit drei Monaten auf einen Termin für seine Aufenthaltserlaubnis. Das kann doch nicht sein, dass arbeitende Menschen so lange auf wichtige Dokumente warten müssen.",Renchen,Stadt,Baden-Württemberg,45-54,male,citizen,LAND_01_SM,Schleswig-Holstein - Ministerium für Soziales,Land,234,34,False,False,False,False,18,3,10,15,4,2,False,False,False,True
ISS_20250613034206_8952,2024-05-20 08:03:00,Digitalisierung,"Die Online-Terminbuchung für das Bürgerbüro ist seit Wochen außer Betrieb und am Telefon erreicht man niemanden. Für einen einfachen Personalausweis-Antrag muss ich jetzt stundenlang anstehen, das ist im Jahr 2024 wirklich nicht mehr zeitgemäß.",Einbeck,Stadt,Niedersachsen,25-34,female,citizen,BUND_BUNDESMINISTERIUM_FÜR_DIGITALES_UND_VERKEHR,Bundesministerium für Digitales und Verkehr,Bund,244,34,False,False,False,False,8,0,20,21,5,2,False,True,True,False
ISS_20250613034156_2010,2023-06-06 13:58:00,Gesundheit,"Die Wartezeit beim Hausarzt in Klötze ist unzumutbar geworden - drei Wochen für einen normalen Termin! Besonders für ältere Bürger ist das ein Problem, wenn akute Beschwerden auftreten und man nicht bis zum nächsten Quartal warten kann.",Klötze,Stadt,Sachsen-Anhalt,45-54,female,citizen,LAND_11_GM,Berlin - Ministerium für Gesundheit,Land,236,37,False,False,False,True,13,1,6,23,6,2,False,True,False,True
ISS_20250613034124_8444,2023-09-15 10:38:00,Umwelt,"Die Mülltrennung in unserem Wohngebiet funktioniert überhaupt nicht mehr - die gelben Säcke werden seit Wochen nicht abgeholt und stapeln sich überall. Das zieht Ungeziefer an und stinkt furchtbar, besonders jetzt bei den warmen Temperaturen.",Wolfsburg,Stadt,Niedersachsen,35-44,female,citizen,LAND_14_UM,Sachsen - Ministerium für Umwelt,Land,242,35,False,False,True,False,10,4,15,37,9,3,False,True,True,False
ISS_20250613034015_8073,2024-11-10 02:30:00,Gesundheit,Das Gesundheitsamt hat seit drei Wochen nicht auf meinen Antrag für den Gesundheitspass reagiert. Ich brauche das Dokument dringend für meinen neuen Job im Lebensmittelbereich und kann deshalb nicht anfangen zu arbeiten.,Mayen,Stadt,Rheinland-Pfalz,25-34,male,citizen,LAND_08_SM,Baden-Württemberg - Ministerium für Soziales,Land,220,32,False,False,False,False,2,6,10,45,11,4,True,False,False,False
ISS_20250613033808_9352,2024-03-30 11:10:00,Sicherheit,"Der Fußweg zur S-Bahn-Station ist abends völlig dunkel, weil mehrere Straßenlaternen kaputt sind. Als Pendler fühle ich mich dort sehr unsicher, besonders im Winter wenn es früh dunkel wird.",Kirchseeon,Gemeinde,Bayern,35-44,male,migrant_eu,LAND_11_IM,Berlin - Ministerium des Innern,Land,190,29,True,False,False,False,11,5,30,13,3,1,True,True,True,False
ISS_20250613034033_8783,2024-11-19 19:04:00,Bildung,"Die Schulbusse zur Grundschule fahren seit drei Wochen völlig unzuverlässig - mal kommen sie 20 Minuten zu spät, mal gar nicht. Meine Kinder müssen dann zu Fuß gehen oder ich muss sie fahren, was nicht immer möglich ist.",Betzendorf,Gemeinde,Niedersachsen,45-54,male,citizen,LAND_14_BM,Sachsen - Ministerium für Bildung,Land,220,38,True,True,False,False,19,1,19,47,11,4,False,False,False,False
ISS_20250613033808_7491,2025-01-20 09:51:00,Wirtschaft,"Die Gewerbeanmeldung für meinen kleinen Friseursalon dauert jetzt schon drei Monate - ich brauche endlich die Genehmigung, um arbeiten zu können und meine Familie zu ernähren. Andere Gemeinden schaffen das in vier Wochen.",Hambergen,Gemeinde,Niedersachsen,35-44,female,migrant_eu,LAND_01_FM,Schleswig-Holstein - Ministerium der Finanzen,Land,221,33,False,False,False,False,9,0,20,4,1,1,False,True,True,False
ISS_20250613033657_1156,2024-02-16 17:24:00,Migration,"Die Bearbeitung meines EU-Bürger-Antrags dauert bereits drei Monate, obwohl nur eine Anmeldebescheinigung benötigt wird. Andere Städte schaffen das in zwei Wochen - warum ist das Amt hier so langsam?",Rastenberg,Stadt,Thüringen,25-34,male,migrant_eu,LAND_10_SM,Saarland - Ministerium für Soziales,Land,199,29,False,False,False,False,17,4,16,7,2,1,False,True,False,True
ISS_20250613033847_3213,2024-04-18 14:44:00,Wirtschaft,"Die Gewerbesteuer für kleine Betriebe in Blumberg ist viel zu hoch im Vergleich zu Nachbargemeinden. Viele lokale Geschäfte kämpfen ums Überleben, während woanders die Unternehmen bessere Bedingungen haben. Das schadet unserer Stadt langfristig.",Blumberg,Stadt,Baden-Württemberg,35-44,female,citizen,LAND_05_MW,Nordrhein-Westfalen - Ministerium für Wirtschaft,Land,245,33,False,False,False,False,14,3,18,16,4,2,False,True,False,True
ISS_20250613034020_2830,2024-02-27 09:24:00,Verkehr,"Die Bushaltestelle an der Hauptstraße in Minfeld hat seit Monaten kein Wartehäuschen mehr, und bei Regen stehen die Fahrgäste völlig im Nassen. Besonders für ältere Mitbürger ist das unzumutbar - bitte um schnelle Reparatur oder Ersatz.",Minfeld,Gemeinde,Rheinland-Pfalz,45-54,female,citizen,LAND_12_VM,Brandenburg - Ministerium für Verkehr,Land,236,36,True,False,False,False,9,1,27,9,2,1,False,True,True,False
ISS_20250613033659_5642,2023-05-21 03:13:00,Digitalisierung,"Die Online-Terminbuchung für den Bürgerservice funktioniert seit Wochen nicht richtig - ständig Fehlermeldungen und man kommt nicht durch. Für uns Berufstätige ist es unmöglich, während der kurzen Öffnungszeiten persönlich vorbeizukommen.",Schwabmünchen,Stadt,Bayern,35-44,female,migrant_eu,BUND_BUNDESMINISTERIUM_FÜR_DIGITALES_UND_VERKEHR,Bundesministerium für Digitales und Verkehr,Bund,238,30,False,False,False,False,3,6,21,20,5,2,True,False,False,False
ISS_20250613033733_8090,2025-06-04 09:32:00,Wirtschaft,"Die Baustelle in der Königstraße dauert schon seit acht Monaten und schadet massiv dem Einzelhandel. Viele Stammkunden bleiben weg, weil sie nicht mehr zu den Geschäften kommen - wann wird das endlich fertig?",Stuttgart,Stadt,Baden-Württemberg,45-54,male,citizen,LAND_06_FM,Hessen - Ministerium der Finanzen,Land,208,33,True,False,False,False,9,2,4,23,6,2,False,True,True,False
ISS_20250613034248_6177,2023-10-14 10:01:00,Wirtschaft,Die Baustelle in der Bahnhofstraße blockiert seit Monaten den Zugang zu den Geschäften und viele Läden verlieren Kunden. Wann wird endlich eine Umleitung oder wenigstens ein Fußweg für Kunden eingerichtet?,Harburg (Schwaben),Stadt,Bayern,25-34,male,citizen,LAND_04_FM,Bremen - Ministerium der Finanzen,Land,205,30,True,False,False,False,10,5,14,41,10,4,True,True,True,False
ISS_20250613033847_2099,2023-10-01 14:53:00,Umwelt,"Die Straßenbeleuchtung in der Großstraße ist seit drei Wochen komplett ausgefallen. Abends ist es dort stockdunkel und besonders für ältere Bürger wie mich sehr gefährlich, weil man Bordsteine und Schlaglöcher nicht sehen kann.",Treuenbrietzen,Stadt,Brandenburg,55-64,female,citizen,LAND_04_UM,Bremen - Ministerium für Umwelt,Land,227,33,True,False,False,False,14,6,1,39,10,4,True,True,False,True
ISS_20250613033818_4393,2023-09-03 12:29:00,Migration,Die Bearbeitung meines Antrags auf Familienzusammenführung dauert bereits acht Monate ohne jede Rückmeldung vom Ausländeramt. Meine Frau wartet in der Türkei und wir brauchen endlich eine klare Auskunft zum Stand des Verfahrens.,Buchholz (Westerwald),Gemeinde,Rheinland-Pfalz,25-34,male,citizen,LAND_12_SM,Brandenburg - Ministerium für Soziales,Land,228,32,False,False,False,False,12,6,3,35,9,3,True,True,True,True
ISS_20250613033937_7783,2024-04-04 09:55:00,Sicherheit,"Die Straßenbeleuchtung in der Neustadt ist seit Wochen kaputt, besonders der Weg zur Bushaltestelle ist abends völlig dunkel. Als junge Frau fühle ich mich sehr unsicher, wenn ich spät von der Arbeit nach Hause komme.",Eslarn,Gemeinde,Bayern,18-24,female,migrant_eu,LAND_10_UM,Saarland - Ministerium für Umwelt,Land,217,35,True,False,False,False,9,3,4,14,4,2,False,True,True,False
ISS_20250613033958_9522,2024-07-01 07:02:00,Sicherheit,"Die Straßenbeleuchtung in der Wandsbeker Chaussee zwischen Hausnummer 150 und 200 ist seit drei Wochen ausgefallen. Abends ist es dort stockdunkel und ich traue mich kaum noch alleine nach Hause zu gehen, weil man nichts sieht.",Hamburg,Stadt,Hamburg,45-54,female,citizen,LAND_14_UM,Sachsen - Ministerium für Umwelt,Land,227,36,True,False,False,False,7,0,1,27,7,3,False,False,True,False
ISS_20250613033858_9532,2024-08-03 11:34:00,Gesundheit,Die Wartezeit beim Hausarzt in Ringe ist unzumutbar - drei Wochen für einen normalen Termin und der Notdienst am Wochenende ist oft nicht erreichbar. Besonders für Familien mit Kindern ist die medizinische Versorgung hier völlig unzureichend.,Ringe,Gemeinde,Niedersachsen,25-34,diverse,citizen,LAND_04_SM,Bremen - Ministerium für Soziales,Land,242,36,False,False,False,True,11,5,3,31,8,3,True,True,True,False
ISS_20250613033856_9108,2025-05-19 12:33:00,Verkehr,Die Schlaglöcher in der Salzwedeler Straße sind eine Zumutung - mein Auto wurde schon zweimal beschädigt und andere Autofahrer weichen gefährlich aus. Wann wird diese wichtige Verbindungsstraße endlich ordentlich repariert?,Gardelegen,Stadt,Sachsen-Anhalt,45-54,female,citizen,LAND_06_VM,Hessen - Ministerium für Verkehr,Land,223,30,True,False,False,False,12,0,19,21,5,2,False,True,True,True
ISS_20250613033736_1886,2025-03-13 15:13:00,Sicherheit,"Die Straßenbeleuchtung in der Bahnhofstraße ist seit Wochen kaputt, wodurch der Weg abends völlig dunkel ist. Als junge Frau fühle ich mich dort sehr unsicher und musste schon mehrmals große Umwege gehen.",Wurzbach,Stadt,Thüringen,25-34,diverse,citizen,LAND_10_IM,Saarland - Ministerium des Innern,Land,204,32,True,False,False,False,15,3,13,11,3,1,False,True,False,True
ISS_20250613034018_2760,2025-02-26 06:42:00,Wirtschaft,Die Gewerbeanmeldung für meinen kleinen Online-Shop dauert jetzt schon drei Monate und ich bekomme keine Rückmeldung vom Amt. Ohne die Anmeldung kann ich nicht richtig starten und verliere potentielle Kunden an die Konkurrenz.,Jockgrim,Gemeinde,Rheinland-Pfalz,18-24,male,citizen,LAND_13_FM,Mecklenburg-Vorpommern - Ministerium der Finanzen,Land,226,33,False,False,False,False,6,2,26,9,2,1,False,False,True,False
ISS_20250613033747_2650,2023-10-26 15:26:00,Migration,"Das Ausländeramt in Frankfurt (Oder) ist nur einmal pro Woche für EU-Bürger geöffnet und die Wartezeiten sind unmöglich. Ich brauche dringend eine Anmeldebescheinigung für meinen Job, aber bekomme seit Wochen keinen Termin.",Letschin,Gemeinde,Brandenburg,25-34,male,migrant_eu,LAND_09_SM,Bayern - Ministerium für Soziales,Land,223,32,False,False,False,False,15,3,26,43,10,4,False,True,False,True
ISS_20250613034049_1394,2023-01-22 07:43:00,Gesundheit,"Die Wartezeit beim örtlichen Hausarzt beträgt mittlerweile über drei Wochen für einen normalen Termin. Als berufstätige Mutter ist es unmöglich, spontan einen Arzt zu finden, wenn mein Kind krank wird - das kann so nicht weitergehen.",Glandorf,Gemeinde,Niedersachsen,25-34,female,citizen,LAND_02_SM,Hamburg - Ministerium für Soziales,Land,233,36,False,False,False,True,7,6,22,3,1,1,True,False,True,False
ISS_20250613033646_6220,2023-11-12 07:51:00,Verkehr,"Die Bushaltestelle an der Rosenbacher Straße ist völlig überwuchert und bei Regen steht dort das Wasser. Meine Enkelin muss jeden Morgen im Matsch stehen, weil der Unterstand kaputt ist und niemand die Hecke schneidet.",Windeck,Gemeinde,Nordrhein-Westfalen,55-64,female,citizen,LAND_04_VM,Bremen - Ministerium für Verkehr,Land,218,34,True,False,False,False,7,6,12,45,11,4,True,False,True,False
ISS_20250613033854_5268,2024-03-02 06:33:00,Digitalisierung,"Die Online-Terminbuchung für die Ummeldung funktioniert seit Wochen nicht richtig - man kann keine freien Termine finden und muss trotzdem persönlich vorbeikommen. Das ist total umständlich, besonders wenn man arbeitet und extra frei nehmen muss.",Rödental,Stadt,Bayern,25-34,male,migrant_eu,BUND_BUNDESMINISTERIUM_FÜR_DIGITALES_UND_VERKEHR,Bundesministerium für Digitales und Verkehr,Bund,246,35,False,False,False,False,6,5,2,9,3,1,True,False,True,False
ISS_20250613034000_8202,2023-07-14 15:18:00,Migration,Die Bearbeitung meines Antrags auf Familienzusammenführung dauert bereits acht Monate ohne jede Rückmeldung vom Ausländeramt. Meine Frau wartet in der Türkei und wir brauchen endlich eine Antwort oder wenigstens Informationen zum Bearbeitungsstand.,Loxstedt,Gemeinde,Niedersachsen,45-54,male,citizen,LAND_10_SM,Saarland - Ministerium für Soziales,Land,248,32,False,False,False,False,15,4,14,28,7,3,False,True,False,True
ISS_20250613033804_1899,2023-06-17 07:13:00,Verkehr,Die Bushaltestelle an der Lindenstraße hat kein Wartehäuschen und bei Regen stehen die Fahrgäste völlig im Nassen. Besonders für ältere Menschen und Familien mit Kindern ist das unzumutbar - bitte um Aufstellung eines Unterstands.,Arnstein,Stadt,Sachsen-Anhalt,35-44,female,citizen,LAND_10_VM,Saarland - Ministerium für Verkehr,Land,230,34,True,False,False,False,7,5,17,24,6,2,True,False,True,False
ISS_20250613034208_6052,2023-02-04 11:43:00,Bildung,Die Kita in Kamern hat seit Monaten zu wenig Personal - meine Tochter wird ständig früher abgeholt oder kann gar nicht gebracht werden. Das ist für berufstätige Eltern wie mich unmöglich und schadet der Entwicklung der Kinder.,Kamern,Gemeinde,Sachsen-Anhalt,25-34,female,citizen,LAND_15_BM,Sachsen-Anhalt - Ministerium für Bildung,Land,226,37,False,True,False,False,11,5,4,5,2,1,True,True,True,False
ISS_20250613034036_9751,2024-08-31 08:05:00,Migration,"""Die Wartezeiten im Bürgerbüro sind seit Monaten extrem lang, weil zu wenig Personal da ist. Für einen einfachen Personalausweis muss man drei Stunden warten - das geht so nicht weiter!""",Freigericht,Gemeinde,Hessen,18-24,female,citizen,LAND_02_SM,Hamburg - Ministerium für Soziales,Land,186,30,False,False,False,False,8,5,31,35,8,3,True,True,True,False
ISS_20250613034235_8143,2024-05-12 07:35:00,Sicherheit,"Die Straßenbeleuchtung am Fußweg zwischen Moerser Straße und dem Einkaufszentrum ist seit Wochen kaputt. Abends ist es dort stockdunkel und ich fühle mich als Frau sehr unsicher, besonders wenn ich spät von der Arbeit komme.",Kamp-Lintfort,Stadt,Nordrhein-Westfalen,35-44,female,migrant_eu,LAND_08_UM,Baden-Württemberg - Ministerium für Umwelt,Land,224,35,True,False,False,False,7,6,12,19,5,2,True,False,True,False
ISS_20250613033652_7959,2024-12-16 13:20:00,Umwelt,Die Mülltrennung in unserem Wohngebiet funktioniert nicht richtig - die gelben Säcke werden oft nicht abgeholt und liegen wochenlang auf der Straße. Das lockt Ungeziefer an und sieht sehr schlecht aus für die Nachbarschaft.,Oberkochen,Stadt,Baden-Württemberg,35-44,female,migrant_non_eu,LAND_09_MW,Bayern - Ministerium für Wirtschaft,Land,223,34,True,False,True,False,13,0,16,51,12,4,False,True,False,True
ISS_20250613034306_7762,2023-08-08 10:31:00,Wirtschaft,Die Gewerbesteuer für kleine Betriebe in Bad Laasphe ist viel zu hoch im Vergleich zu Nachbarstädten. Dadurch wandern Unternehmen ab und wir verlieren Arbeitsplätze. Das schadet der ganzen Region und macht unsere Stadt unattraktiv für Investoren.,Bad Laasphe,Stadt,Nordrhein-Westfalen,25-34,male,citizen,LAND_12_MW,Brandenburg - Ministerium für Wirtschaft,Land,246,36,False,False,False,False,10,1,8,32,8,3,False,True,True,False
ISS_20250613033812_5562,2023-10-24 15:03:00,Bildung,"Die Turnhalle der Grundschule Bippen ist seit drei Monaten wegen Wasserschädens gesperrt. Mein Sohn und die anderen Kinder haben seitdem keinen Sportunterricht mehr, das kann doch nicht sein!",Bippen,Gemeinde,Niedersachsen,35-44,male,citizen,LAND_07_BM,Rheinland-Pfalz - Ministerium für Bildung,Land,191,28,False,True,False,False,15,1,24,43,10,4,False,True,False,True
ISS_20250613033739_9922,2025-06-08 06:44:00,Bildung,"Die Turnhalle der Grundschule Plessa ist seit Monaten gesperrt, weil das Dach undicht ist. Mein Enkel und seine Mitschüler haben deshalb keinen Sportunterricht mehr und müssen immer nur im Klassenzimmer sitzen.",Plessa,Gemeinde,Brandenburg,55-64,male,citizen,LAND_15_BM,Sachsen-Anhalt - Ministerium für Bildung,Land,210,31,False,True,False,False,6,6,8,23,6,2,True,False,True,False
ISS_20250613033925_7806,2024-11-27 06:00:00,Wirtschaft,"Die Baustelle in der Industriestraße blockiert seit drei Monaten die Zufahrt zu unserem Gewerbegebiet. Viele Kunden können unsere Geschäfte nicht mehr erreichen, was zu erheblichen Umsatzeinbußen führt. Wann wird endlich eine Umleitung eingerichtet?",Bingen,Gemeinde,Baden-Württemberg,25-34,male,citizen,LAND_05_FM,Nordrhein-Westfalen - Ministerium der Finanzen,Land,249,33,True,False,False,False,6,2,27,48,11,4,False,False,True,False
ISS_20250613034248_1802,2023-11-21 08:11:00,Verkehr,"Die Bahnhofstraße ist seit der Baustelle zur Einbahnstraße geworden, aber die Umleitung über die Mühlenstraße ist viel zu schmal für den ganzen Verkehr. Jeden Morgen stehe ich dort im Stau und komme zu spät zur Arbeit.",Friesoythe,Stadt,Niedersachsen,45-54,female,citizen,LAND_11_VM,Berlin - Ministerium für Verkehr,Land,218,36,True,False,False,False,8,1,21,47,11,4,False,True,True,False
ISS_20250613033740_7225,2025-03-10 12:24:00,Gesundheit,"Die Wartezeit beim Hausarzt in Beckum ist untragbar - drei Wochen für einen normalen Termin! Besonders für Berufstätige ist das ein Problem, da die Praxiszeiten oft nur bis 16 Uhr gehen und keine Abendsprechstunden angeboten werden.",Beckum,Stadt,Nordrhein-Westfalen,25-34,male,citizen,LAND_07_SM,Rheinland-Pfalz - Ministerium für Soziales,Land,232,36,False,False,False,True,12,0,10,11,3,1,False,True,True,True
ISS_20250613034008_8353,2023-03-21 04:54:00,Umwelt,"Der Grünschnitt und Gartenabfälle liegen seit drei Wochen unabgeholt am Ortsrand von Bastheim und stinken fürchterlich. Meine Nachbarn und ich sind empört über diese unhygienischen Zustände, die auch noch Ungeziefer anlocken.",Bastheim,Gemeinde,Bayern,55-64,female,citizen,LAND_14_MW,Sachsen - Ministerium für Wirtschaft,Land,225,31,False,False,True,False,4,1,21,12,3,1,False,False,False,False
ISS_20250613033954_4334,2025-01-26 12:35:00,Verkehr,Die Durchgangsstraße durch Baar ist viel zu schmal für den ganzen Lkw-Verkehr. Ständig blockieren die großen Trucks die Straße und man kommt als Anwohner kaum noch aus der Einfahrt raus.,Baar (Schwaben),Gemeinde,Bayern,35-44,male,citizen,LAND_02_VM,Hamburg - Ministerium für Verkehr,Land,186,30,True,False,False,False,12,6,26,4,1,1,True,True,True,True
ISS_20250613033814_5848,2025-04-17 13:09:00,Verkehr,Die Baustelle an der Kölner Straße dauert schon seit Monaten und die Umleitung durch die Wohngebiete ist eine Katastrophe. Ständig stehen LKWs vor meiner Haustür und die Straße ist völlig kaputt gefahren - wann wird das endlich fertig?,Troisdorf,Stadt,Nordrhein-Westfalen,18-24,male,citizen,LAND_02_VM,Hamburg - Ministerium für Verkehr,Land,235,38,True,False,False,False,13,3,17,16,4,2,False,True,False,True
ISS_20250613033709_2948,2024-08-06 06:33:00,Umwelt,"Die Mülltrennung in unserem Wohngebiet funktioniert nicht richtig - die gelben Säcke werden oft tagelang nicht abgeholt und der Wind verteilt den Müll überall. Besonders schlimm ist es in der Münsterstraße, wo Kinder zur Schule gehen.",Lünen,Stadt,Nordrhein-Westfalen,35-44,female,migrant_eu,LAND_04_UM,Bremen - Ministerium für Umwelt,Land,234,36,True,True,True,False,6,1,6,32,8,3,False,False,True,False
ISS_20250613033742_5481,2024-10-17 20:11:00,Migration,Die Bearbeitung meines Antrags auf Familienzusammenführung für meine Frau dauert bereits über ein Jahr. Trotz mehrfacher Nachfrage beim Ausländeramt erhalte ich keine konkreten Informationen zum Bearbeitungsstand oder voraussichtlichen Abschluss.,Ettlingen,Stadt,Baden-Württemberg,35-44,male,citizen,LAND_06_SM,Hessen - Ministerium für Soziales,Land,246,29,False,False,False,False,20,3,17,42,10,4,False,False,False,False
ISS_20250613033726_7032,2024-10-14 07:31:00,Digitalisierung,"Das Online-Portal für Rentenanträge ist viel zu kompliziert für uns ältere Leute. Ich verstehe die ganzen Formulare nicht und brauche dringend persönliche Hilfe, weil ich keinen Enkel habe der mir helfen kann.",Frauenstein,Stadt,Sachsen,65+,male,migrant_eu,BUND_BUNDESMINISTERIUM_FÜR_DIGITALES_UND_VERKEHR,Bundesministerium für Digitales und Verkehr,Bund,209,32,False,False,False,False,7,0,14,42,10,4,False,False,True,False
ISS_20250613033842_4487,2024-08-21 08:31:00,Digitalisierung,"Das Online-Portal der Gemeinde ist ständig überlastet und stürzt beim Ausfüllen von Anträgen ab. Ich habe schon dreimal versucht, meinen Wohnsitz umzumelden, aber das System speichert nichts und ich muss immer wieder von vorne anfangen.",Blankenheim,Gemeinde,Nordrhein-Westfalen,25-34,male,citizen,BUND_BUNDESMINISTERIUM_FÜR_DIGITALES_UND_VERKEHR,Bundesministerium für Digitales und Verkehr,Bund,236,35,False,False,False,False,8,2,21,34,8,3,False,True,True,False
ISS_20250613034123_8561,2023-05-08 12:28:00,Bildung,"Die Schulbusse nach Waren fahren seit drei Wochen völlig unzuverlässig, meine Kinder kommen täglich zu spät zum Unterricht. Als berufstätiger Vater kann ich sie nicht jeden Tag selbst fahren - das muss sich dringend ändern.",Klink,Gemeinde,Mecklenburg-Vorpommern,35-44,male,migrant_eu,LAND_05_BM,Nordrhein-Westfalen - Ministerium für Bildung,Land,223,35,True,True,False,False,12,0,8,19,5,2,False,True,True,True
ISS_20250613033929_6136,2024-03-10 03:29:00,Migration,"""Die Bearbeitung meines Antrags auf Familienzusammenführung dauert bereits acht Monate ohne jede Rückmeldung vom Amt. Meine Frau wartet in der Heimat und wir brauchen endlich eine Antwort oder wenigstens Information zum Bearbeitungsstand.""",Mestlin,Gemeinde,Mecklenburg-Vorpommern,35-44,male,citizen,LAND_12_SM,Brandenburg - Ministerium für Soziales,Land,239,32,False,False,False,False,3,6,10,10,3,1,True,False,False,False
ISS_20250613033656_4403,2024-05-22 07:44:00,Sicherheit,"Die Beleuchtung am Bahnhofsvorplatz ist seit Wochen kaputt und es ist abends total dunkel dort. Als junge Frau fühle ich mich sehr unsicher, wenn ich spät von der Arbeit nach Hause komme - könnte das bitte schnell repariert werden?",Jessen (Elster),Stadt,Sachsen-Anhalt,18-24,female,citizen,LAND_11_IM,Berlin - Ministerium des Innern,Land,231,39,True,False,False,False,7,2,22,21,5,2,False,False,True,False
ISS_20250613033758_7495,2025-02-17 12:58:00,Migration,"Die Wartezeiten im Ausländeramt sind völlig inakzeptabel - drei Monate auf einen Termin und dann nochmal vier Stunden Wartezeit vor Ort. Meine Frau kann ihren Aufenthaltstitel nicht verlängern und wir wissen nicht, wie es weitergeht.",Frankfurt (Oder),Stadt,Brandenburg,35-44,male,citizen,LAND_10_SM,Saarland - Ministerium für Soziales,Land,233,35,False,False,False,False,12,0,17,8,2,1,False,True,True,True
ISS_20250613034050_2919,2023-08-31 20:53:00,Migration,"Die Bearbeitung meines EU-Bürger-Antrags auf Anmeldebescheinigung dauert bereits drei Monate, obwohl die gesetzliche Frist nur wenige Wochen beträgt. Ich brauche das Dokument dringend für meinen Arbeitsvertrag und kann nicht länger warten.",Leopoldshöhe,Gemeinde,Nordrhein-Westfalen,55-64,diverse,migrant_eu,LAND_05_SM,Nordrhein-Westfalen - Ministerium für Soziales,Land,239,31,False,False,False,False,20,3,31,35,8,3,False,False,False,False
ISS_20250613033726_4677,2024-06-30 12:58:00,Migration,Die Bearbeitung meines Antrags auf Anerkennung meiner ausländischen Berufsqualifikation dauert bereits 8 Monate. Ich kann ohne die Anerkennung nicht in meinem erlernten Beruf arbeiten und bitte um beschleunigte Bearbeitung.,Rauhenebrach,Gemeinde,Bayern,35-44,male,migrant_eu,LAND_07_SM,Rheinland-Pfalz - Ministerium für Soziales,Land,223,29,False,False,False,False,12,6,30,26,6,2,True,True,True,True
ISS_20250613033644_8560,2023-01-21 10:42:00,Verkehr,"Die Bushaltestelle am Bahnhof hat kein Wartehäuschen und bei Regen wird man komplett nass. Außerdem kommt der Bus oft 10-15 Minuten zu spät, was besonders ärgerlich ist, wenn man zur Arbeit muss.",Bockenem,Stadt,Niedersachsen,18-24,male,citizen,LAND_06_VM,Hessen - Ministerium für Verkehr,Land,195,32,True,False,False,False,10,5,21,3,1,1,True,True,True,False
ISS_20250613034234_1703,2025-04-05 07:54:00,Wirtschaft,"Die Gewerbeanmeldung für meinen kleinen Reparaturservice dauert schon seit drei Monaten, obwohl ich alle Unterlagen eingereicht habe. Meine Familie ist auf das Einkommen angewiesen und ich kann nicht verstehen, warum es so lange dauert.",Ellwangen (Jagst),Stadt,Baden-Württemberg,45-54,male,migrant_eu,LAND_08_FM,Baden-Württemberg - Ministerium der Finanzen,Land,236,34,False,False,False,False,7,5,5,14,4,2,True,False,True,False
ISS_20250613034252_2768,2024-11-21 08:50:00,Gesundheit,"Die Wartezeit beim Hausarzt in Wittingen ist völlig inakzeptabel - drei Wochen für einen normalen Termin! Für berufstätige Menschen ist das unmöglich, und bei akuten Beschwerden muss man gleich ins Krankenhaus fahren.",Wittingen,Stadt,Niedersachsen,45-54,female,citizen,LAND_11_SM,Berlin - Ministerium für Soziales,Land,217,32,False,False,False,True,8,3,21,47,11,4,False,True,True,False
ISS_20250613034005_3469,2024-04-20 10:31:00,Sicherheit,"Die Straßenbeleuchtung in der Industriestraße ist seit Wochen defekt, wodurch der Gehweg abends völlig dunkel ist. Als älterer Bürger fühle ich mich dort sehr unsicher und habe Angst zu stürzen oder überfallen zu werden.",Schnaittenbach,Stadt,Bayern,55-64,male,citizen,LAND_05_IM,Nordrhein-Westfalen - Ministerium des Innern,Land,220,34,True,False,False,False,10,5,20,16,4,2,True,True,True,False
ISS_20250613033915_5187,2023-09-17 11:46:00,Wirtschaft,"Die Gewerbeanmeldung für meinen kleinen Blumenladen dauert jetzt schon drei Monate - ich verliere täglich Kunden, weil ich noch nicht offiziell öffnen kann. Andere Gemeinden schaffen das in zwei Wochen, warum dauert es hier so lange?",Delve,Gemeinde,Schleswig-Holstein,45-54,female,citizen,LAND_11_MW,Berlin - Ministerium für Wirtschaft,Land,233,36,False,False,False,False,11,6,17,37,9,3,True,True,True,False
ISS_20250613034045_5807,2025-04-01 09:20:00,Bildung,Die Kita meines Sohnes hat seit drei Monaten nur noch eine Erzieherin für 20 Kinder. Die Betreuungsqualität leidet extrem und mein Kind kommt oft verstört nach Hause. Wann wird endlich neues Personal eingestellt?,Erfurt,Stadt,Thüringen,25-34,female,citizen,LAND_10_BM,Saarland - Ministerium für Bildung,Land,212,33,False,True,False,False,9,1,1,14,4,2,False,True,True,False
ISS_20250613034128_2607,2023-09-16 16:50:00,Verkehr,"Die Baustelle an der B62 Ortsausgang Richtung Marburg dauert schon seit drei Monaten und es gibt keine Umleitung. Jeden Morgen stehe ich eine halbe Stunde im Stau, weil nur eine Spur frei ist.",Wetter (Hessen),Stadt,Hessen,25-34,diverse,citizen,LAND_01_VM,Schleswig-Holstein - Ministerium für Verkehr,Land,192,33,True,False,False,False,16,5,16,37,9,3,True,True,False,True
ISS_20250613033940_6239,2024-04-09 19:58:00,Bildung,Die Schulbusse zur Grundschule Ederheim kommen seit drei Wochen regelmäßig 10-15 Minuten zu spät an. Mein Sohn verpasst dadurch den Unterrichtsbeginn und ich muss ihn oft selbst zur Schule fahren. Das kann so nicht weitergehen.,Ederheim,Gemeinde,Bayern,35-44,male,citizen,LAND_12_BM,Brandenburg - Ministerium für Bildung,Land,227,35,True,True,False,False,19,1,9,15,4,2,False,False,False,False
ISS_20250613034132_4167,2023-10-16 11:07:00,Bildung,"Die Toiletten in der Realschule an der Johannisstraße sind seit Monaten kaputt und verdreckt. Mein Sohn muss teilweise den ganzen Schultag ohne Toilettengang auskommen, weil die Zustände unzumutbar sind.",Osnabrück,Stadt,Niedersachsen,45-54,male,citizen,LAND_09_BM,Bayern - Ministerium für Bildung,Land,203,29,True,True,False,False,11,0,16,42,10,4,False,True,True,False
ISS_20250613033645_9007,2024-06-18 13:20:00,Gesundheit,Die Wartezeit für einen Facharzttermin beim Orthopäden in Rees beträgt über vier Monate. Für Berufstätige mit Rückenproblemen ist das untragbar - wir brauchen dringend mehr Fachärzte oder längere Sprechzeiten in der Region.,Rees,Stadt,Nordrhein-Westfalen,35-44,female,citizen,LAND_03_SM,Niedersachsen - Ministerium für Soziales,Land,223,32,False,False,False,True,13,1,18,25,6,2,False,True,False,True
ISS_20250613033915_8845,2023-11-14 21:26:00,Gesundheit,"Die Wartezeit beim Hausarzt hier in Heideck ist unmöglich - drei Wochen für einen normalen Termin! Als EU-Bürger habe ich die gleichen Rechte, aber finde einfach keinen Arzt, der neue Patienten aufnimmt.",Heideck,Stadt,Bayern,25-34,male,migrant_eu,LAND_13_GM,Mecklenburg-Vorpommern - Ministerium für Gesundheit,Land,203,32,False,False,False,True,21,1,14,46,11,4,False,False,False,False
ISS_20250613034017_2091,2025-01-29 08:43:00,Gesundheit,"Das Wartezimmer beim Hausarzt ist immer völlig überfüllt und man wartet stundenlang, obwohl man einen Termin hat. In Haren gibt es einfach zu wenige Ärzte für so viele Patienten, besonders für junge Leute ist es schwer einen Termin zu bekommen.",Haren (Ems),Stadt,Niedersachsen,18-24,male,citizen,LAND_02_SM,Hamburg - Ministerium für Soziales,Land,244,40,False,False,False,True,8,2,29,5,1,1,False,True,True,False
ISS_20250613034005_6975,2023-01-28 09:16:00,Verkehr,"Die Bushaltestelle am Bahnhof Neuenstein hat kein Wartehäuschen und bei Regen wird man komplett nass. Außerdem ist der Fahrplan so schlecht lesbar, dass man die Abfahrtszeiten kaum erkennen kann.",Neuenstein,Stadt,Baden-Württemberg,18-24,male,citizen,LAND_07_VM,Rheinland-Pfalz - Ministerium für Verkehr,Land,195,29,True,False,False,False,9,5,28,4,1,1,True,True,True,False
ISS_20250613033848_8676,2024-02-18 13:07:00,Migration,"In unserem Ortsteil sind in letzter Zeit viele neue Familien zugezogen, aber es gibt keine zusätzlichen Deutschkurse oder Integrationshilfen. Die Wartelisten sind ewig lang und das erschwert das Zusammenleben in der Gemeinde unnötig.",Staudach-Egerndach,Gemeinde,Bayern,45-54,female,citizen,LAND_09_SM,Bayern - Ministerium für Soziales,Land,233,33,False,False,False,False,13,6,18,7,2,1,True,True,False,True
ISS_20250613034300_8925,2024-07-11 08:50:00,Migration,Die Bearbeitung meines Antrags auf Familienzusammenführung für meine Schwiegermutter dauert bereits acht Monate. Trotz mehrfacher Nachfrage erhalte ich keine konkreten Informationen zum Bearbeitungsstand - das ist für alle Beteiligten sehr belastend.,Bramsche,Stadt,Niedersachsen,45-54,male,citizen,LAND_03_SM,Niedersachsen - Ministerium für Soziales,Land,250,31,False,False,False,False,8,3,11,28,7,3,False,True,True,False
ISS_20250613034151_2701,2025-03-13 13:21:00,Sicherheit,"Die Straßenbeleuchtung in der Kirchgasse ist seit Monaten kaputt, abends ist es dort stockfinster. Als Frau traue ich mich nicht mehr alleine nach Hause zu gehen, das ist wirklich gefährlich geworden.",Kastl,Gemeinde,Bayern,45-54,female,migrant_eu,LAND_15_UM,Sachsen-Anhalt - Ministerium für Umwelt,Land,200,31,True,False,False,False,13,3,13,11,3,1,False,True,False,True
ISS_20250613033740_7097,2025-05-09 12:25:00,Sicherheit,"Der Fußweg zur Bushaltestelle an der Dorfstraße ist abends völlig dunkel, weil die Straßenlaterne seit Monaten kaputt ist. Als älterer Herr fühle ich mich dort sehr unsicher und bin schon mehrmals fast gestürzt.",Tauer,Gemeinde,Brandenburg,55-64,male,migrant_non_eu,LAND_07_UM,Rheinland-Pfalz - Ministerium für Umwelt,Land,211,33,True,False,False,False,12,4,9,19,5,2,False,True,True,True
ISS_20250613034217_9558,2024-03-17 06:45:00,Bildung,"Die Schulbücher an der örtlichen Grundschule sind völlig veraltet - manche stammen noch aus den 90er Jahren. Mein Enkel lernt mit Karten, auf denen noch die DDR eingezeichnet ist, das kann doch nicht sein!",Borsfleth,Gemeinde,Schleswig-Holstein,55-64,female,citizen,LAND_03_BM,Niedersachsen - Ministerium für Bildung,Land,205,34,False,True,False,False,6,6,17,11,3,1,True,False,True,False
ISS_20250613033736_1503,2025-03-03 08:46:00,Verkehr,"Die Baustelle in der Wassertorstraße dauert schon drei Monate und es gibt keine Umleitung - der Verkehr staut sich täglich bis zur Stadtmitte. Wann wird das endlich fertig, so kann das nicht weitergehen!",Isny im Allgäu,Stadt,Baden-Württemberg,45-54,male,citizen,LAND_02_VM,Hamburg - Ministerium für Verkehr,Land,203,33,True,False,False,False,8,0,3,10,3,1,False,True,True,False
ISS_20250613033929_9706,2024-08-10 06:42:00,Bildung,"Die Schulbusse zur Realschule kommen seit drei Wochen ständig zu spät oder fallen ganz aus. Meine Schwester verpasst dadurch regelmäßig die erste Stunde und ich muss sie mit dem Auto fahren, obwohl wir für den Schulbus bezahlen.",Steinfeld,Gemeinde,Bayern,18-24,female,citizen,LAND_13_BM,Mecklenburg-Vorpommern - Ministerium für Bildung,Land,228,37,True,True,False,False,6,5,10,32,8,3,True,False,True,False
ISS_20250613034202_3685,2024-08-22 08:46:00,Sicherheit,"Die Straßenbeleuchtung in der Schloßstraße ist seit Wochen kaputt, wodurch der Gehweg abends völlig dunkel ist. Als älterer Bürger traue ich mich kaum noch nach Einbruch der Dunkelheit dort entlang zu gehen, da die Sturzgefahr zu hoch ist.",Ludwigslust,Stadt,Mecklenburg-Vorpommern,65+,male,citizen,LAND_01_IM,Schleswig-Holstein - Ministerium des Innern,Land,239,38,True,False,False,False,8,3,22,34,8,3,False,True,True,False
ISS_20250613034038_2474,2023-05-21 12:08:00,Wirtschaft,"Die Baustelle in der Innenstadt dauert schon seit einem halben Jahr an und viele Geschäfte haben dadurch kaum noch Kunden. Wann wird das endlich fertig, damit unsere lokalen Unternehmen wieder normal arbeiten können?",Pegau,Stadt,Sachsen,25-34,male,citizen,LAND_08_MW,Baden-Württemberg - Ministerium für Wirtschaft,Land,216,33,False,False,False,False,12,6,21,20,5,2,True,True,True,True
ISS_20250613033821_5883,2023-03-25 10:55:00,Wirtschaft,"Die Gewerbesteuer für mein kleines IT-Beratungsunternehmen ist im Vergleich zu anderen Städten viel zu hoch. Als EU-Bürger möchte ich hier investieren, aber die hohen Abgaben machen es schwer, konkurrenzfähig zu bleiben und Arbeitsplätze zu schaffen.",Templin,Stadt,Brandenburg,25-34,diverse,migrant_eu,LAND_13_MW,Mecklenburg-Vorpommern - Ministerium für Wirtschaft,Land,250,35,False,False,False,False,10,5,25,12,3,1,True,True,True,False
ISS_20250613034006_4807,2023-10-04 08:18:00,Verkehr,"Die Bushaltestelle an der Dorfstraße hat seit Monaten kein Wartehäuschen mehr, nachdem es bei einem Unfall beschädigt wurde. Besonders für ältere Fahrgäste ist es bei schlechtem Wetter sehr unzumutbar, dort im Regen zu stehen.",Wendelsheim,Gemeinde,Rheinland-Pfalz,55-64,female,citizen,LAND_04_VM,Bremen - Ministerium für Verkehr,Land,226,34,True,False,False,False,8,2,4,40,10,4,False,True,True,False
ISS_20250613033932_5043,2024-01-07 11:22:00,Wirtschaft,"Die Gewerbeanmeldung für meinen kleinen Onlineshop dauert jetzt schon über 6 Wochen. Ich kann nicht arbeiten und verliere täglich Kunden, weil die Bearbeitung so lange dauert. Bitte beschleunigen Sie den Prozess!",Fischach,Gemeinde,Bayern,25-34,female,citizen,LAND_12_MW,Brandenburg - Ministerium für Wirtschaft,Land,212,31,False,False,False,False,11,6,7,1,1,1,True,True,True,False
ISS_20250613033840_3948,2025-03-08 11:38:00,Digitalisierung,"Das Online-Portal der Gemeinde ist ständig überlastet und stürzt ab, wenn man Formulare ausfüllen will. Meine Ummeldung konnte ich drei Mal nicht abschicken - das ist frustrierend und kostet unnötig Zeit.",Puderbach,Gemeinde,Rheinland-Pfalz,35-44,female,citizen,BUND_BUNDESMINISTERIUM_FÜR_DIGITALES_UND_VERKEHR,Bundesministerium für Digitales und Verkehr,Bund,204,31,False,False,False,False,11,5,8,10,3,1,True,True,True,False
ISS_20250613033849_2969,2024-10-09 09:43:00,Verkehr,"Die Bahnhofstraße in Gochsheim hat seit Monaten riesige Schlaglöcher, die besonders für Radfahrer gefährlich sind. Mein Auto wurde bereits zweimal beschädigt und andere Anwohner haben das gleiche Problem - wann wird endlich etwas unternommen?",Kraichtal,Stadt,Baden-Württemberg,25-34,male,citizen,LAND_07_VM,Rheinland-Pfalz - Ministerium für Verkehr,Land,242,34,True,False,False,False,9,2,9,41,10,4,False,True,True,False
ISS_20250613033746_3555,2024-10-07 08:24:00,Wirtschaft,"Die Gewerbeanmeldung für meinen kleinen Handwerksbetrieb dauert jetzt schon über sechs Wochen. Ich kann nicht arbeiten und verliere täglich Kunden, weil die Bearbeitung so langsam ist. Das kann doch nicht normal sein!",Hellwege,Gemeinde,Niedersachsen,25-34,male,citizen,LAND_05_MW,Nordrhein-Westfalen - Ministerium für Wirtschaft,Land,217,32,False,False,False,False,8,0,7,41,10,4,False,True,True,False
ISS_20250613033740_2089,2023-08-25 12:31:00,Wirtschaft,"Die Gewerbeanmeldung für meinen kleinen Onlineshop dauert jetzt schon drei Monate - ich bekomme nur Standardbriefe und niemand kann mir sagen, wann endlich entschieden wird. Ohne Gewerbeschein kann ich nicht richtig arbeiten und verliere Kunden.",St. Blasien,Stadt,Baden-Württemberg,25-34,female,citizen,LAND_04_FM,Bremen - Ministerium der Finanzen,Land,245,35,False,False,False,False,12,4,25,34,8,3,False,True,True,True
ISS_20250613034115_2553,2023-11-19 02:52:00,Digitalisierung,Das Online-Portal der Gemeinde ist seit Tagen nicht erreichbar und ich kann meinen Wohnsitz nicht ummelden. Warum gibt es keine funktionierende digitale Lösung für so grundlegende Behördengänge?,Erkheim,Gemeinde,Bayern,25-34,female,citizen,BUND_BUNDESMINISTERIUM_FÜR_DIGITALES_UND_VERKEHR,Bundesministerium für Digitales und Verkehr,Bund,194,27,False,False,False,False,2,6,19,46,11,4,True,False,False,False
ISS_20250613033842_4920,2023-02-26 02:39:00,Sicherheit,"Die Straßenbeleuchtung in der Kirchgasse ist seit drei Wochen kaputt und der Weg zur Bushaltestelle ist abends stockfinster. Besonders für ältere Mitbürger ist das sehr gefährlich, da man die Gehwegkanten nicht sieht.",Niederaichbach,Gemeinde,Bayern,45-54,male,citizen,LAND_07_UM,Rheinland-Pfalz - Ministerium für Umwelt,Land,217,32,True,False,False,False,2,6,26,8,2,1,True,False,False,False
ISS_20250613033812_3680,2024-03-17 12:14:00,Digitalisierung,Das Online-Portal der Gemeinde ist eine Katastrophe - ständig Fehlermeldungen beim Antragsformular für den Personalausweis. Nach drei Versuchen muss ich doch wieder persönlich ins Amt. Warum funktioniert die Digitalisierung hier nicht richtig?,Saal,Gemeinde,Mecklenburg-Vorpommern,45-54,male,citizen,BUND_BUNDESMINISTERIUM_FÜR_DIGITALES_UND_VERKEHR,Bundesministerium für Digitales und Verkehr,Bund,243,32,False,False,False,False,12,6,17,11,3,1,True,True,True,True
ISS_20250613033929_7929,2024-02-12 22:49:00,Sicherheit,"Die Straßenbeleuchtung in der Uhlandstraße ist seit Wochen kaputt, wodurch der Weg abends sehr dunkel und unsicher ist. Als Frau traue ich mich kaum noch alleine nach Hause zu gehen, besonders nach der Spätschicht.",Donzdorf,Stadt,Baden-Württemberg,45-54,female,migrant_eu,LAND_02_UM,Hamburg - Ministerium für Umwelt,Land,214,34,True,False,False,False,22,0,12,7,2,1,False,False,False,False
ISS_20250613033733_9347,2024-04-10 00:04:00,Sicherheit,"Die Straßenbeleuchtung in der Kölner Straße ist seit Wochen kaputt, wodurch der Gehweg abends völlig dunkel ist. Als ältere Frau fühle ich mich sehr unsicher beim Nachhausegehen und habe Angst zu stürzen oder überfallen zu werden.",Schleiden,Stadt,Nordrhein-Westfalen,55-64,female,migrant_eu,LAND_07_IM,Rheinland-Pfalz - Ministerium des Innern,Land,230,36,True,False,False,False,0,2,10,15,4,2,False,False,False,False
ISS_20250613034155_6258,2024-03-10 12:39:00,Umwelt,"Die Mülltrennung in unserem Wohnblock funktioniert überhaupt nicht - die Tonnen sind immer überfüllt und der Müll liegt überall rum. Besonders schlimm ist es am Wochenende, dann stinkt es furchtbar und die Kinder können nicht draußen spielen.",Großröhrsdorf,Stadt,Sachsen,25-34,female,migrant_eu,LAND_02_MW,Hamburg - Ministerium für Wirtschaft,Land,242,37,False,False,True,False,12,6,10,10,3,1,True,True,True,True
ISS_20250613033837_5764,2025-02-20 11:33:00,Gesundheit,Die Wartezimmer in der örtlichen Arztpraxis sind völlig überfüllt und man wartet über drei Stunden auf einen Termin. Außerdem ist der nächste Facharzt 40 Kilometer entfernt - das kann doch nicht sein in unserer Gemeinde.,Börde-Hakel,Gemeinde,Sachsen-Anhalt,35-44,diverse,citizen,LAND_10_GM,Saarland - Ministerium für Gesundheit,Land,220,35,False,False,False,True,11,3,20,8,2,1,False,True,True,False
ISS_20250613033937_1972,2024-01-05 16:45:00,Verkehr,"Die Baustelle in der Abensberger Straße blockiert seit drei Wochen komplett die Durchfahrt, aber es wird nicht gearbeitet. Dadurch staut sich der ganze Verkehr durch die Innenstadt und ich brauche morgens doppelt so lang zur Arbeit.",Mainburg,Stadt,Bayern,35-44,male,citizen,LAND_07_VM,Rheinland-Pfalz - Ministerium für Verkehr,Land,232,36,True,False,False,False,16,4,5,1,1,1,False,True,False,True
ISS_20250613034133_3576,2025-05-02 01:01:00,Gesundheit,"Die Wartezeit beim Hausarzt in Üxheim beträgt mittlerweile über drei Wochen für einen normalen Termin. Als junger Berufstätiger kann ich nicht einfach in die Notaufnahme fahren, wenn ich krank bin - wir brauchen dringend mehr Ärzte hier.",Üxheim,Gemeinde,Rheinland-Pfalz,25-34,male,citizen,LAND_03_SM,Niedersachsen - Ministerium für Soziales,Land,237,37,False,False,False,True,1,4,2,18,5,2,False,False,False,False
ISS_20250613034238_4515,2023-08-25 07:30:00,Wirtschaft,"Die Gewerbeanmeldung für meinen kleinen Reparaturservice dauert schon drei Monate, obwohl alle Unterlagen vollständig eingereicht wurden. Ohne Gewerbeschein kann ich nicht arbeiten und meine Familie nicht ernähren - bitte um schnelle Bearbeitung.",Nossen,Stadt,Sachsen,25-34,male,migrant_non_eu,LAND_03_FM,Niedersachsen - Ministerium der Finanzen,Land,246,32,False,False,False,False,7,4,25,34,8,3,False,False,True,False
ISS_20250613033808_1777,2023-12-06 10:42:00,Gesundheit,"Die Wartezeit beim Hausarzt in Merklingen beträgt mittlerweile über drei Wochen für einen normalen Termin. Als berufstätiger Vater kann ich nicht einfach in die Notaufnahme fahren, wenn mein Kind krank ist - wir brauchen dringend mehr Ärzte hier.",Merklingen,Gemeinde,Baden-Württemberg,35-44,male,citizen,LAND_05_GM,Nordrhein-Westfalen - Ministerium für Gesundheit,Land,246,38,False,False,False,True,10,2,6,49,12,4,False,True,True,False
ISS_20250613033729_2748,2025-04-08 14:27:00,Gesundheit,"Die Wartezeit beim Hausarzt in unserer Gemeinde ist unzumutbar geworden - drei Wochen für einen normalen Termin. Viele ältere Bürger bekommen gar keinen Arzt mehr, weil alle überlastet sind. Wir brauchen dringend mehr Ärzte hier in der Grafschaft.",Grafschaft,Gemeinde,Rheinland-Pfalz,45-54,male,citizen,LAND_12_GM,Brandenburg - Ministerium für Gesundheit,Land,247,38,False,False,False,True,14,1,8,15,4,2,False,True,False,True
ISS_20250613033723_6500,2024-07-31 21:23:00,Gesundheit,Das Gesundheitsamt hat meinen Antrag auf Anerkennung meiner ausländischen Arztausbildung seit drei Monaten nicht bearbeitet. Ohne diese Anerkennung kann ich nicht als Ärztin arbeiten und meine Familie nicht versorgen. Bitte um schnellere Bearbeitung.,Serrig,Gemeinde,Rheinland-Pfalz,35-44,female,migrant_eu,LAND_16_GM,Thüringen - Ministerium für Gesundheit,Land,250,33,False,False,False,True,21,2,31,31,7,3,False,False,False,False
ISS_20250613034251_1899,2024-02-20 11:23:00,Verkehr,"Die Bushaltestelle in Kranichfeld hat kein Wartehäuschen und bei dem Wetter stehen die älteren Leute im Regen. Der Bus kommt auch oft 10-15 Minuten zu spät, das ist für uns Rentner besonders schwierig.",Ilmtal-Weinstraße,Gemeinde,Thüringen,55-64,male,citizen,LAND_14_VM,Sachsen - Ministerium für Verkehr,Land,201,33,True,False,False,False,11,1,20,8,2,1,False,True,True,False
ISS_20250613033922_4917,2024-11-18 05:55:00,Umwelt,"Die Mülltrennung in unserer Wohnsiedlung funktioniert nicht richtig - die Tonnen stehen durcheinander und werden oft tagelang nicht geleert. Dadurch riecht es schlecht und Tiere wühlen im Müll herum, was unhygienisch ist für unsere Kinder.",Lommatzsch,Stadt,Sachsen,45-54,female,migrant_eu,LAND_06_MW,Hessen - Ministerium für Wirtschaft,Land,239,35,False,False,True,False,5,0,18,47,11,4,False,False,False,False
ISS_20250613034002_1125,2024-06-15 13:00:00,Bildung,Die Heizung in der Turnhalle der Grundschule Am Stadtsee ist seit drei Wochen kaputt. Mein Sohn und seine Klasse müssen bei 8 Grad Sport machen und kommen ständig erkältet nach Hause. Wann wird das endlich repariert?,Stendal,Stadt,Sachsen-Anhalt,35-44,female,citizen,LAND_12_BM,Brandenburg - Ministerium für Bildung,Land,216,36,False,True,False,False,13,5,15,24,6,2,True,True,False,True
ISS_20250613034012_7259,2025-04-30 23:27:00,Digitalisierung,Das Online-Portal für die Beantragung meiner Aufenthaltserlaubnis ist seit Tagen nicht erreichbar. Mein Termin läuft bald ab und ich kann keinen neuen Antrag stellen - das ist sehr stressig für mich.,Solingen,Stadt,Nordrhein-Westfalen,25-34,male,migrant_non_eu,BUND_BUNDESMINISTERIUM_FÜR_DIGITALES_UND_VERKEHR,Bundesministerium für Digitales und Verkehr,Bund,199,31,False,False,False,False,23,2,30,18,4,2,False,False,False,False
ISS_20250613033855_6758,2025-06-03 06:45:00,Bildung,"Die Turnhalle der örtlichen Grundschule ist seit Monaten gesperrt, weil das Dach undicht ist. Meine Enkelin und ihre Mitschüler haben deshalb keinen Sportunterricht mehr - das kann doch nicht sein!",Traben-Trarbach,Stadt,Rheinland-Pfalz,55-64,female,citizen,LAND_07_BM,Rheinland-Pfalz - Ministerium für Bildung,Land,197,30,False,True,False,False,6,1,3,23,6,2,False,False,True,False
ISS_20250613034036_2728,2024-05-30 21:09:00,Gesundheit,Die Wartezeit für einen Facharzttermin beim Orthopäden beträgt in Hamburg mittlerweile über vier Monate. Als Kassenpatientin mit chronischen Rückenschmerzen ist das unzumutbar - ich brauche dringend eine Behandlung und kann nicht so lange warten.,Hamburg,Stadt,Hamburg,45-54,female,citizen,LAND_01_SM,Schleswig-Holstein - Ministerium für Soziales,Land,246,34,False,False,False,True,21,3,30,22,5,2,False,False,False,False
ISS_20250613033938_9342,2024-02-06 06:47:00,Sicherheit,"Die Straßenbeleuchtung in der Marktstraße ist seit Monaten kaputt. Als älterer Herr fühle ich mich abends sehr unsicher beim Nachhausegehen, weil man nichts sieht und schon mehrere Leute gestürzt sind.",Teuchern,Stadt,Sachsen-Anhalt,65+,male,migrant_non_eu,LAND_04_UM,Bremen - Ministerium für Umwelt,Land,201,30,True,False,False,False,6,1,6,6,2,1,False,False,True,False
ISS_20250613034122_8515,2023-05-31 12:59:00,Migration,"Die Bearbeitung von Asylanträgen in unserem Landkreis dauert viel zu lange. Manche Familien warten über ein Jahr auf eine Entscheidung, was für alle Beteiligten belastend ist und die Integration erschwert.",Erbach,Stadt,Baden-Württemberg,55-64,male,citizen,LAND_14_SM,Sachsen - Ministerium für Soziales,Land,205,30,False,False,False,False,12,2,31,22,5,2,False,True,True,True
ISS_20250613033652_4462,2023-08-28 11:51:00,Migration,"""Die Bearbeitung meines Antrags auf Familienzusammenführung dauert bereits acht Monate ohne jede Rückmeldung von der Ausländerbehörde. Meine Frau wartet in der Türkei und wir brauchen endlich eine Antwort oder wenigstens einen Zwischenstand.""",Kuhlen-Wendorf,Gemeinde,Mecklenburg-Vorpommern,25-34,male,citizen,LAND_05_SM,Nordrhein-Westfalen - Ministerium für Soziales,Land,242,32,False,False,False,False,11,0,28,35,8,3,False,True,True,False
ISS_20250613033652_4998,2024-05-19 13:37:00,Migration,Die Bearbeitung meines Antrags auf Familienzusammenführung dauert bereits acht Monate ohne jede Rückmeldung vom Ausländeramt. Meine Frau wartet in der Türkei und wir brauchen endlich eine Antwort oder wenigstens einen Zwischenstand.,Blieskastel,Stadt,Saarland,35-44,male,citizen,LAND_02_SM,Hamburg - Ministerium für Soziales,Land,232,31,False,False,False,False,13,6,19,20,5,2,True,True,False,True
ISS_20250613033734_7101,2024-03-14 13:32:00,Migration,"""Die Bearbeitung meines Antrags auf Familienzusammenführung dauert bereits acht Monate ohne jede Rückmeldung vom Ausländeramt. Meine Frau wartet in der Türkei und wir brauchen endlich eine Antwort oder wenigstens Informationen zum Bearbeitungsstand.""",Havelberg,Stadt,Sachsen-Anhalt,35-44,male,citizen,LAND_03_SM,Niedersachsen - Ministerium für Soziales,Land,250,32,False,False,False,False,13,3,14,11,3,1,False,True,False,True
ISS_20250613033751_9275,2023-03-04 11:30:00,Migration,"Die Bearbeitung meines Antrags auf Familienzusammenführung für meine Schwiegermutter dauert bereits acht Monate ohne jede Rückmeldung. Ich bitte um eine Statusmitteilung, wann endlich eine Entscheidung getroffen wird.",Möckern,Stadt,Sachsen-Anhalt,45-54,male,citizen,LAND_06_SM,Hessen - Ministerium für Soziales,Land,217,27,False,False,False,False,11,5,4,9,3,1,True,True,True,False
ISS_20250613034214_8828,2023-01-06 01:59:00,Sicherheit,"Die Straßenbeleuchtung in der Mühlenstraße ist seit drei Wochen kaputt, wodurch der Gehweg abends völlig dunkel ist. Als Vater mache ich mir Sorgen um die Sicherheit meiner Familie und anderer Fußgänger auf diesem wichtigen Schulweg.",Bergen,Stadt,Niedersachsen,35-44,male,citizen,LAND_05_IM,Nordrhein-Westfalen - Ministerium des Innern,Land,233,35,True,False,False,False,1,4,6,1,1,1,False,False,False,False
ISS_20250613034218_3940,2024-04-19 07:17:00,Umwelt,Die Mülldeponie am Ortsrand von Morbach stinkt seit Wochen extrem und der Gestank zieht bis in die Wohngebiete. Außerdem fliegen ständig Plastikfetzen und anderer Müll über den Zaun auf die angrenzenden Felder und Wiesen.,Morbach,Gemeinde,Rheinland-Pfalz,35-44,male,citizen,LAND_13_UM,Mecklenburg-Vorpommern - Ministerium für Umwelt,Land,221,34,False,False,True,False,7,4,19,16,4,2,False,False,True,False
ISS_20250613033805_9758,2023-09-11 10:44:00,Migration,Die Bearbeitung meines Antrags auf Familienzusammenführung dauert bereits acht Monate ohne jede Rückmeldung vom Amt. Meine Frau wartet in der Türkei und wir brauchen endlich eine Antwort oder wenigstens Informationen zum aktuellen Stand.,Schellhorn,Gemeinde,Schleswig-Holstein,25-34,male,citizen,LAND_01_SM,Schleswig-Holstein - Ministerium für Soziales,Land,237,33,False,False,False,False,10,0,11,37,9,3,False,True,True,False
ISS_20250613034008_3003,2023-09-29 14:46:00,Migration,"Die Bearbeitungszeiten im Ausländeramt sind viel zu lang - mein Nachbar wartet schon seit drei Monaten auf seinen Aufenthaltstitel und kann deshalb nicht arbeiten. Das kann doch nicht sein, dass alles so langsam geht.",Mügeln,Stadt,Sachsen,45-54,male,citizen,LAND_05_SM,Nordrhein-Westfalen - Ministerium für Soziales,Land,217,34,False,False,False,False,14,4,29,39,9,3,False,True,False,True
ISS_20250613033933_9715,2024-05-20 23:26:00,Wirtschaft,Die Parkgebühren in der Innenstadt sind viel zu hoch für uns junge Leute. Zwei Euro pro Stunde kann sich doch kein Azubi oder Student leisten - dadurch meiden wir die lokalen Geschäfte und kaufen lieber online ein.,Fehrbellin,Gemeinde,Brandenburg,18-24,male,citizen,LAND_14_FM,Sachsen - Ministerium der Finanzen,Land,214,37,False,False,False,False,23,0,20,21,5,2,False,False,False,False
ISS_20250613034201_8201,2025-06-11 03:06:00,Verkehr,"Die Bushaltestelle am Marktplatz hat keine Überdachung und bei Regen stehen die Fahrgäste im Wasser. Besonders für ältere Menschen ist das unzumutbar, wenn sie 20 Minuten auf den Bus warten müssen.",Frankenberg (Eder),Stadt,Hessen,55-64,diverse,citizen,LAND_04_VM,Bremen - Ministerium für Verkehr,Land,197,31,True,False,False,False,3,2,11,24,6,2,False,False,False,False
ISS_20250613033918_9808,2024-02-16 09:01:00,Verkehr,"Die Baustelle in der Lange Straße blockiert seit drei Wochen komplett den Gehweg. Fußgänger müssen auf die Fahrbahn ausweichen, was besonders für Familien mit Kindern und ältere Menschen sehr gefährlich ist.",Bückeburg,Stadt,Niedersachsen,25-34,female,citizen,LAND_15_VM,Sachsen-Anhalt - Ministerium für Verkehr,Land,207,31,True,False,False,False,9,4,16,7,2,1,False,True,True,False
ISS_20250613033704_7258,2024-06-27 22:42:00,Gesundheit,"Die Wartezeit für einen Termin beim Hausarzt in Colbitz beträgt mittlerweile über vier Wochen. Als junger Erwachsener finde ich es unzumutbar, dass man bei akuten Beschwerden so lange warten muss oder gleich ins Krankenhaus fahren soll.",Colbitz,Gemeinde,Sachsen-Anhalt,18-24,diverse,citizen,LAND_12_SM,Brandenburg - Ministerium für Soziales,Land,236,36,False,False,False,True,22,3,27,26,6,2,False,False,False,False
ISS_20250613033655_8615,2023-03-16 10:39:00,Umwelt,"Die Mülltrennung in unserem Wohngebiet funktioniert nicht richtig - die Tonnen stehen durcheinander und werden nicht regelmäßig geleert. Dadurch entstehen schlechte Gerüche und Ungeziefer, was besonders für uns ältere Bewohner sehr belastend ist.",Wertheim,Stadt,Baden-Württemberg,65+,male,migrant_non_eu,LAND_12_MW,Brandenburg - Ministerium für Wirtschaft,Land,246,33,False,False,True,False,10,3,16,11,3,1,False,True,True,False
ISS_20250613034036_9825,2024-07-02 03:31:00,Bildung,Die Kita in Heldenstein hat schon wieder wegen Personalmangel geschlossen. Meine zweijährige Tochter kann seit drei Wochen nicht betreut werden und ich muss ständig bei der Arbeit fehlen. Wann wird endlich mehr Personal eingestellt?,Heldenstein,Gemeinde,Bayern,25-34,female,citizen,LAND_04_BM,Bremen - Ministerium für Bildung,Land,232,34,False,True,False,False,3,1,2,27,7,3,False,False,False,False
ISS_20250613033932_3619,2025-03-14 13:00:00,Gesundheit,"Die Wartezeit beim Hausarzt in Getelo ist unmöglich geworden - drei Wochen für einen normalen Termin. Für uns Familien mit Kindern ist das nicht akzeptabel, besonders wenn die Kleinen krank sind und sofort Hilfe brauchen.",Getelo,Gemeinde,Niedersachsen,35-44,male,migrant_eu,LAND_09_GM,Bayern - Ministerium für Gesundheit,Land,221,35,False,False,False,True,13,4,14,11,3,1,False,True,False,True
ISS_20250613034124_5878,2023-05-11 00:16:00,Migration,Die Bearbeitung meines Antrags auf Anerkennung meiner polnischen Berufsqualifikation als Elektriker dauert bereits acht Monate. Ohne diese Anerkennung kann ich nicht in meinem erlernten Beruf arbeiten und bin auf Hilfsjobs angewiesen.,Friedland,Stadt,Brandenburg,55-64,male,migrant_eu,LAND_04_SM,Bremen - Ministerium für Soziales,Land,234,31,False,False,False,False,0,3,11,19,5,2,False,False,False,False
ISS_20250613033758_4399,2023-06-19 10:55:00,Bildung,Die Toiletten in der Realschule sind seit Monaten kaputt und stinken furchtbar. Mein Sohn traut sich nicht mehr aufs Klo zu gehen und hält den ganzen Schultag ein - das kann doch nicht sein!,Heidenheim an der Brenz,Stadt,Baden-Württemberg,45-54,male,citizen,LAND_15_BM,Sachsen-Anhalt - Ministerium für Bildung,Land,190,34,False,True,False,False,10,0,19,25,6,2,False,True,True,False
ISS_20250613034136_2844,2024-10-20 13:50:00,Verkehr,Die Bushaltestelle am Marktplatz hat kein Wartehäuschen und bei Regen stehen wir älteren Leute völlig ungeschützt da. Besonders im Winter ist das für uns Senioren wirklich schwierig - könnten Sie bitte einen überdachten Unterstand aufstellen?,Burgheim,Gemeinde,Bayern,65+,diverse,citizen,LAND_11_VM,Berlin - Ministerium für Verkehr,Land,242,35,True,False,False,False,13,6,20,42,10,4,True,True,False,True
ISS_20250613034056_6496,2023-03-09 14:22:00,Wirtschaft,"Die Gewerbesteuer für kleine Betriebe in Linnich ist viel zu hoch im Vergleich zu Nachbargemeinden. Mein Friseursalon kämpft ums Überleben, während Kunden nach Jülich fahren, wo die Unternehmen günstiger kalkulieren können.",Linnich,Stadt,Nordrhein-Westfalen,35-44,female,citizen,LAND_14_FM,Sachsen - Ministerium der Finanzen,Land,223,31,False,False,False,False,14,3,9,10,3,1,False,True,False,True
ISS_20250613033659_2160,2024-04-12 08:07:00,Wirtschaft,Die Gewerbesteuer für kleine Betriebe in unserer Gemeinde ist viel zu hoch im Vergleich zu Nachbarorten. Dadurch wandern immer mehr Geschäfte ab und unsere Ortsmitte stirbt aus. Das schadet der ganzen Region wirtschaftlich.,Groß Kreutz (Havel),Gemeinde,Brandenburg,35-44,female,citizen,LAND_09_FM,Bayern - Ministerium der Finanzen,Land,223,33,False,False,False,False,8,4,12,15,4,2,False,True,True,False
ISS_20250613033844_1648,2023-03-27 07:50:00,Gesundheit,"Die Wartezeit beim örtlichen Hausarzt beträgt mittlerweile über drei Wochen für einen normalen Termin. Als chronisch Kranker bin ich auf regelmäßige Kontrollen angewiesen, aber die Ärzteversorgung in Postmünster ist völlig unzureichend geworden.",Postmünster,Gemeinde,Bayern,55-64,male,citizen,LAND_15_SM,Sachsen-Anhalt - Ministerium für Soziales,Land,245,32,False,False,False,True,7,0,27,13,3,1,False,False,True,False
ISS_20250613033851_4820,2023-08-24 14:36:00,Verkehr,"Die Baustelle in der Stuttgarter Straße blockiert seit drei Wochen komplett die Durchfahrt, aber es wird nicht gearbeitet. Dadurch staut sich der ganze Verkehr durch die Wohngebiete und es ist extrem laut geworden.",Wildberg,Stadt,Baden-Württemberg,25-34,male,citizen,LAND_11_VM,Berlin - Ministerium für Verkehr,Land,214,33,True,False,False,False,14,3,24,34,8,3,False,True,False,True
ISS_20250613034056_4075,2024-06-11 20:28:00,Migration,"Die Bearbeitung meines Antrags auf Familienzusammenführung dauert bereits über ein Jahr, obwohl alle Unterlagen vollständig eingereicht wurden. Meine Frau wartet in der Türkei und wir brauchen endlich eine Antwort von der Ausländerbehörde.",Ronshausen,Gemeinde,Hessen,65+,male,migrant_non_eu,LAND_12_SM,Brandenburg - Ministerium für Soziales,Land,239,32,False,False,False,False,20,1,11,24,6,2,False,False,False,False
ISS_20250613034048_5316,2025-02-19 23:45:00,Bildung,"Die Toiletten in der Realschule sind seit Monaten kaputt und unhygienisch. Mein Sohn muss teilweise den ganzen Schultag ohne Toilettengang auskommen, weil die Zustände unzumutbar sind. Das ist gesundheitsgefährdend und muss dringend behoben werden.",Bad Berleburg,Stadt,Nordrhein-Westfalen,45-54,male,citizen,LAND_04_BM,Bremen - Ministerium für Bildung,Land,248,34,False,True,False,False,23,2,19,8,2,1,False,False,False,False
ISS_20250613033726_5956,2023-01-10 13:55:00,Sicherheit,"Die Straßenbeleuchtung in der Kirchstraße ist seit drei Wochen defekt. Abends ist es dort stockdunkel und besonders für ältere Bürger sehr gefährlich, da man Bordsteine und Schlaglöcher nicht sieht. Bitte um schnelle Reparatur.",Mudersbach,Gemeinde,Rheinland-Pfalz,55-64,male,citizen,LAND_14_UM,Sachsen - Ministerium für Umwelt,Land,227,33,True,False,False,False,13,1,10,2,1,1,False,True,False,True
ISS_20250613033933_2831,2024-03-27 09:54:00,Bildung,"Seit drei Wochen fällt in der Klasse meines Sohnes an der Realschule täglich mindestens eine Stunde aus, weil die Vertretungslehrer krank sind. Die Kinder verbringen die Zeit unbeaufsichtigt in der Aula - das kann so nicht weitergehen!",Recklinghausen,Stadt,Nordrhein-Westfalen,45-54,female,citizen,LAND_11_BM,Berlin - Ministerium für Bildung,Land,235,37,False,True,False,False,9,2,27,13,3,1,False,True,True,False
ISS_20250613033901_6481,2025-05-08 09:25:00,Umwelt,"Die Mülltrennung in unserem Wohngebiet funktioniert nicht richtig - die gelben Säcke werden oft wochenlang nicht abgeholt und der Wind verteilt den Müll überall. Das sieht nicht nur schlecht aus, sondern lockt auch Ungeziefer an.",Müden (Aller),Gemeinde,Niedersachsen,35-44,male,migrant_eu,LAND_09_MW,Bayern - Ministerium für Wirtschaft,Land,229,35,False,False,True,False,9,3,8,19,5,2,False,True,True,False
ISS_20250613033837_6901,2023-05-31 23:58:00,Gesundheit,"Die Wartezeit beim Hausarzt in der Lutherstadt ist unmöglich geworden - drei Wochen für einen normalen Termin! Meine Frau hatte letzte Woche starke Schmerzen und musste ins Krankenhaus fahren, weil kein Arzt Zeit hatte.",Eisleben,Stadt,Sachsen-Anhalt,35-44,male,citizen,LAND_05_SM,Nordrhein-Westfalen - Ministerium für Soziales,Land,219,34,False,False,False,True,23,2,31,22,5,2,False,False,False,False
ISS_20250613034124_9356,2024-01-08 19:37:00,Digitalisierung,Die Online-Terminbuchung für das Bürgerbüro ist viel zu kompliziert für uns ältere Leute. Man braucht drei verschiedene Passwörter und dann funktioniert es trotzdem nicht - können Sie nicht einfach wieder Termine am Telefon anbieten?,Wiefelstede,Gemeinde,Niedersachsen,65+,male,migrant_eu,BUND_BUNDESMINISTERIUM_FÜR_DIGITALES_UND_VERKEHR,Bundesministerium für Digitales und Verkehr,Bund,233,34,False,False,False,False,19,0,8,2,1,1,False,False,False,False
ISS_20250613034141_1596,2023-07-11 10:19:00,Wirtschaft,"Die Gewerbeanmeldung für meinen kleinen Reparaturservice dauert schon drei Monate und niemand kann mir sagen, wann endlich eine Entscheidung kommt. Ohne die Genehmigung kann ich nicht arbeiten und meine Familie ernähren.",Alpirsbach,Stadt,Baden-Württemberg,45-54,male,migrant_eu,LAND_11_FM,Berlin - Ministerium der Finanzen,Land,220,31,False,False,False,False,10,1,11,28,7,3,False,True,True,False
ISS_20250613034011_2155,2024-04-05 00:09:00,Wirtschaft,"Die Gewerbeanmeldung für mein kleines Café dauert jetzt schon drei Monate - ich verliere täglich Geld, weil ich nicht öffnen kann. Das Wirtschaftsamt antwortet nicht mal auf meine E-Mails, obwohl alle Unterlagen vollständig eingereicht wurden.",Celle,Stadt,Niedersachsen,35-44,male,citizen,LAND_12_FM,Brandenburg - Ministerium der Finanzen,Land,243,35,False,False,False,False,0,4,5,14,4,2,False,False,False,False
ISS_20250613033818_8961,2023-03-25 01:37:00,Umwelt,"Die Geruchsbelästigung durch die Papierfabrik ist in den letzten Wochen unerträglich geworden. Besonders abends können wir nicht mehr die Fenster öffnen, weil der beißende Gestank die ganze Wohnstraße verpestet.",Schwedt/Oder,Stadt,Brandenburg,45-54,male,citizen,LAND_04_MW,Bremen - Ministerium für Wirtschaft,Land,211,29,True,False,False,False,1,5,25,12,3,1,True,False,False,False
ISS_20250613034006_8470,2025-03-13 13:05:00,Wirtschaft,"Die Gewerbeanmeldung für meinen kleinen Laden dauert schon drei Monate, obwohl ich alle Unterlagen eingereicht habe. Ohne die Genehmigung kann ich nicht arbeiten und meine Familie nicht ernähren - bitte helfen Sie mir endlich weiter.",Buseck,Gemeinde,Hessen,25-34,female,migrant_non_eu,LAND_13_MW,Mecklenburg-Vorpommern - Ministerium für Wirtschaft,Land,233,35,False,False,False,False,13,3,13,11,3,1,False,True,False,True
ISS_20250613034047_4775,2024-11-16 02:07:00,Gesundheit,"Die Wartezeit für einen Facharzttermin beim Orthopäden beträgt hier in Gumperda über vier Monate. Für berufstätige Mütter wie mich ist das untragbar, besonders wenn man Rückenschmerzen hat und dringend Behandlung braucht.",Gumperda,Gemeinde,Thüringen,35-44,female,citizen,LAND_01_SM,Schleswig-Holstein - Ministerium für Soziales,Land,221,31,False,False,False,True,2,5,16,46,11,4,True,False,False,False
ISS_20250613034018_8113,2023-11-13 21:27:00,Digitalisierung,"Das Online-Portal der Stadtverwaltung ist ständig überlastet und stürzt ab, wenn man Anträge stellen will. Ich musste dreimal versuchen, einen Termin für den Personalausweis zu buchen - das ist doch nicht zeitgemäß!",Staßfurt,Stadt,Sachsen-Anhalt,35-44,female,citizen,BUND_BUNDESMINISTERIUM_FÜR_DIGITALES_UND_VERKEHR,Bundesministerium für Digitales und Verkehr,Bund,215,32,False,False,False,False,21,0,13,46,11,4,False,False,False,False
ISS_20250613033802_6253,2024-04-01 01:37:00,Digitalisierung,"Die Online-Terminbuchung für das Bürgerbüro funktioniert seit Wochen nicht richtig - ständig Fehlermeldungen und man kann keine Termine vereinbaren. Als älterer Bürger brauche ich dringend Hilfe, weil ich meinen Personalausweis verlängern muss.",Bischofsgrün,Gemeinde,Bayern,55-64,male,citizen,BUND_BUNDESMINISTERIUM_FÜR_DIGITALES_UND_VERKEHR,Bundesministerium für Digitales und Verkehr,Bund,244,32,False,False,False,False,1,0,1,14,4,2,False,False,False,False
ISS_20250613034211_4634,2024-06-14 09:30:00,Bildung,Die Toiletten in der Oberschule sind seit Monaten kaputt und unhygienisch. Meine Enkelin muss täglich diese Zustände ertragen - das ist untragbar für die Gesundheit der Kinder und gehört endlich repariert.,Heidenau,Stadt,Sachsen,55-64,female,citizen,LAND_02_BM,Hamburg - Ministerium für Bildung,Land,205,31,False,True,False,False,9,4,14,24,6,2,False,True,True,False
ISS_20250613033802_7219,2023-03-01 10:14:00,Verkehr,"Die Parkplätze in der Fußgängerzone sind ständig von Dauerparker blockiert, obwohl dort nur 2 Stunden erlaubt sind. Als Geschäftsfrau finde ich nie einen Platz für Kundentermine und muss ewig durch die Stadt fahren.",Wittmund,Stadt,Niedersachsen,45-54,female,citizen,LAND_09_VM,Bayern - Ministerium für Verkehr,Land,215,33,False,False,False,False,10,2,1,9,3,1,False,True,True,False
ISS_20250613033743_8334,2024-08-18 11:14:00,Wirtschaft,"Die Gewerbesteuer für kleine Betriebe in unserer Region ist viel zu hoch im Vergleich zu anderen Landkreisen. Viele lokale Geschäfte müssen schließen, weil sie sich die Abgaben nicht mehr leisten können - das schadet der ganzen Wirtschaft hier.",Harz (Landkreis Göttingen),Gemeindefreies Gebiet,Niedersachsen,45-54,female,citizen,LAND_10_FM,Saarland - Ministerium der Finanzen,Land,244,38,False,False,False,False,11,6,18,33,8,3,True,True,True,False
ISS_20250613034130_4089,2023-07-05 22:13:00,Sicherheit,"Die Straßenbeleuchtung in der Bahnhofstraße ist seit drei Wochen kaputt. Abends ist es dort stockdunkel und besonders für Frauen sehr gefährlich. Bitte reparieren Sie die Lampen schnell, bevor etwas Schlimmes passiert.",Hatzfeld (Eder),Stadt,Hessen,25-34,male,citizen,LAND_08_UM,Baden-Württemberg - Ministerium für Umwelt,Land,218,31,True,False,False,False,22,2,5,27,7,3,False,False,False,False
ISS_20250613033900_3775,2023-07-07 06:11:00,Digitalisierung,Das Online-Portal der Gemeinde ist ständig überlastet und funktioniert nicht richtig. Ich kann seit Wochen keinen Termin im Bürgerbüro buchen und auch keine Anträge digital einreichen - das ist doch Steinzeit!,Adelmannsfelden,Gemeinde,Baden-Württemberg,45-54,male,citizen,BUND_BUNDESMINISTERIUM_FÜR_DIGITALES_UND_VERKEHR,Bundesministerium für Digitales und Verkehr,Bund,209,31,False,False,False,False,6,4,7,27,7,3,False,False,True,False
ISS_20250613034245_4147,2023-10-25 21:05:00,Wirtschaft,"Die Parkgebühren in der Innenstadt sind für uns junge Leute viel zu teuer geworden. Seit der Erhöhung auf 3 Euro pro Stunde können wir uns kaum noch leisten, zum Einkaufen oder ins Café zu gehen.",Weil,Gemeinde,Bayern,18-24,male,citizen,LAND_15_FM,Sachsen-Anhalt - Ministerium der Finanzen,Land,195,35,False,False,False,False,21,2,25,43,10,4,False,False,False,False
ISS_20250613034243_5122,2024-09-10 06:32:00,Wirtschaft,"Die Beratung im Jobcenter war total unfreundlich und die Mitarbeiterin hat mir nicht erklärt, welche Unterlagen ich für meinen Antrag brauche. Jetzt muss ich wieder einen neuen Termin machen und verliere noch mehr Zeit bei der Jobsuche.",Bautzen,Stadt,Sachsen,18-24,female,migrant_non_eu,LAND_02_FM,Hamburg - Ministerium der Finanzen,Land,236,37,False,False,False,False,6,1,10,37,9,3,False,False,True,False
ISS_20250613033958_5489,2025-01-13 03:28:00,Gesundheit,"Die Wartezeit beim Hausarzt in Kamp-Lintfort ist untragbar - drei Wochen für einen normalen Termin! Viele ältere Bürger bekommen gar keinen Termin mehr. Wir brauchen dringend mehr Ärzte in der Stadt, besonders für die wachsende Zahl an Senioren.",Kamp-Lintfort,Stadt,Nordrhein-Westfalen,45-54,female,citizen,LAND_13_SM,Mecklenburg-Vorpommern - Ministerium für Soziales,Land,245,38,False,False,False,True,3,0,13,3,1,1,False,False,False,False
ISS_20250613033708_8669,2024-02-13 07:35:00,Bildung,"Die Computerräume an unserer Berufsschule sind völlig veraltet - die PCs stürzen ständig ab und das Internet ist so langsam, dass wir kaum arbeiten können. Wie sollen wir uns so auf die Digitalisierung vorbereiten?",Grevenbroich,Stadt,Nordrhein-Westfalen,18-24,diverse,citizen,LAND_06_BM,Hessen - Ministerium für Bildung,Land,214,34,False,True,False,False,7,1,13,7,2,1,False,False,True,False
ISS_20250613034238_3272,2024-12-16 13:56:00,Bildung,Die Heizung in der Grundschule Am Thie ist seit drei Wochen kaputt. Meine Tochter und ihre Mitschüler müssen bei 12 Grad im Klassenzimmer sitzen und können sich nicht konzentrieren. Das ist unzumutbar!,Salzkotten,Stadt,Nordrhein-Westfalen,45-54,female,citizen,LAND_14_BM,Sachsen - Ministerium für Bildung,Land,201,32,False,True,False,False,13,0,16,51,12,4,False,True,False,True
ISS_20250613033921_9286,2023-06-08 10:20:00,Sicherheit,Der Gehweg zur Apotheke in der Hauptstraße ist abends sehr schlecht beleuchtet und die Gehwegplatten sind locker. Als ältere Bürgerin fühle ich mich dort unsicher und habe Angst zu stürzen. Bitte um bessere Beleuchtung und Reparatur.,Ziemetshausen,Gemeinde,Bayern,65+,female,citizen,LAND_03_IM,Niedersachsen - Ministerium des Innern,Land,233,36,True,False,False,True,10,3,8,23,6,2,False,True,True,False
ISS_20250613034117_9626,2024-01-07 09:28:00,Migration,Die Bearbeitung meines Antrags auf Anerkennung meiner ausländischen Berufsqualifikation dauert bereits acht Monate ohne jede Rückmeldung. Ich kann nicht arbeiten und brauche dringend eine Auskunft über den Stand meines Verfahrens.,Korswandt,Gemeinde,Mecklenburg-Vorpommern,35-44,female,migrant_eu,LAND_11_SM,Berlin - Ministerium für Soziales,Land,230,30,False,False,False,False,9,6,7,1,1,1,True,True,True,False
ISS_20250613034014_9527,2024-09-13 19:55:00,Umwelt,Die Mülltonnen in der Siedlung Am Waldrand werden seit drei Wochen nicht mehr regelmäßig geleert. Der Gestank ist unerträglich und lockt Ungeziefer an - meine Nachbarn und ich sind sehr verärgert über diese unhaltbaren Zustände.,Bestwig,Gemeinde,Nordrhein-Westfalen,55-64,female,citizen,LAND_07_UM,Rheinland-Pfalz - Ministerium für Umwelt,Land,228,35,False,False,True,False,19,4,13,37,9,3,False,False,False,False
ISS_20250613033705_1868,2023-04-26 10:33:00,Wirtschaft,"Die örtlichen Geschäfte in der Innenstadt stehen seit Monaten leer, während gleichzeitig die Gewerbesteuer steigt. Wir brauchen dringend Unterstützung für kleine Betriebe, sonst stirbt unser Stadtkern komplett aus und alle kaufen nur noch online ein.",Altensteig,Stadt,Baden-Württemberg,35-44,female,citizen,LAND_03_FM,Niedersachsen - Ministerium der Finanzen,Land,250,35,False,False,False,False,10,2,26,17,4,2,False,True,True,False
ISS_20250613034137_6953,2024-05-05 13:13:00,Gesundheit,Die Wartezeit für einen Facharzttermin beim Orthopäden hier in Bad Salzuflen beträgt über vier Monate. Als Rentner mit Rückenproblemen ist das unzumutbar - bis dahin verschlechtert sich mein Zustand nur weiter.,Bad Salzuflen,Stadt,Nordrhein-Westfalen,55-64,male,citizen,LAND_13_GM,Mecklenburg-Vorpommern - Ministerium für Gesundheit,Land,210,31,False,False,False,True,13,6,5,18,5,2,True,True,False,True
ISS_20250613033805_6626,2024-10-03 13:00:00,Verkehr,Die Baustelle auf der B4 bei Kaltenkirchen dauert schon seit Monaten und es gibt keine Umleitung. Jeden Tag stehe ich im Stau und komme zu spät zur Arbeit. Wann wird das endlich fertig?,Kaltenkirchen,Stadt,Schleswig-Holstein,45-54,male,migrant_eu,LAND_12_VM,Brandenburg - Ministerium für Verkehr,Land,185,33,True,False,False,False,13,3,3,40,10,4,False,True,False,True
ISS_20250613033727_9581,2023-09-11 09:48:00,Umwelt,"Die Mülleimer am Strand von Sehlen quellen seit Tagen über und der Wind verteilt den Abfall überall. Besonders bei dem schönen Wetter kommen viele Touristen, aber die Reinigung kommt nicht hinterher - das sieht wirklich schlimm aus.",Sehlen,Gemeinde,Mecklenburg-Vorpommern,18-24,female,citizen,LAND_09_MW,Bayern - Ministerium für Wirtschaft,Land,232,37,False,False,True,False,9,0,11,37,9,3,False,True,True,False
ISS_20250613033919_6597,2024-11-05 04:49:00,Sicherheit,"Die Straßenbeleuchtung in der Parkstraße ist seit Wochen kaputt, wodurch der Gehweg abends völlig dunkel ist. Als ältere Dame fühle ich mich dort sehr unsicher und musste bereits einen Umweg nehmen, um sicher nach Hause zu kommen.",Lüdenscheid,Stadt,Nordrhein-Westfalen,55-64,female,citizen,LAND_02_IM,Hamburg - Ministerium des Innern,Land,230,37,True,False,False,False,4,1,5,45,11,4,False,False,False,False
ISS_20250613034049_4833,2023-07-20 14:17:00,Wirtschaft,Die Gewerbesteuer für kleine Betriebe in Pegnitz ist viel zu hoch im Vergleich zu den Nachbargemeinden. Dadurch wandern immer mehr Unternehmen ab und unsere Innenstadt stirbt aus - das schadet allen Bürgern.,Pegnitz,Stadt,Bayern,45-54,male,citizen,LAND_14_FM,Sachsen - Ministerium der Finanzen,Land,207,32,False,False,False,False,14,3,20,29,7,3,False,True,False,True
ISS_20250613033930_4247,2024-06-28 10:53:00,Bildung,"Die Bushaltestelle zur Berufsschule in Waren ist seit Monaten kaputt und bei Regen stehen wir völlig im Nassen. Außerdem fährt der Bus oft zu spät, wodurch wir regelmäßig die erste Stunde verpassen.",Fincken,Gemeinde,Mecklenburg-Vorpommern,18-24,female,citizen,LAND_13_BM,Mecklenburg-Vorpommern - Ministerium für Bildung,Land,198,32,True,True,False,False,10,4,28,26,6,2,False,True,True,False
ISS_20250613033906_3099,2024-12-26 11:16:00,Gesundheit,Die Wartezeit für einen Facharzttermin beim Orthopäden hier in Oerlinghausen beträgt über vier Monate. Als Handwerker mit Rückenproblemen kann ich nicht so lange warten - das ist unzumutbar und gefährdet meine Arbeitsfähigkeit.,Oerlinghausen,Stadt,Nordrhein-Westfalen,45-54,male,citizen,LAND_04_GM,Bremen - Ministerium für Gesundheit,Land,227,32,False,False,False,True,11,3,26,52,12,4,False,True,True,False
ISS_20250613033922_7103,2025-02-08 06:33:00,Wirtschaft,"Die örtlichen Geschäfte in Osann-Monzel schließen reihenweise, weil die Gemeinde nichts gegen die Konkurrenz der großen Einkaufszentren unternimmt. Unsere Dorfmitte stirbt aus und die wenigen verbliebenen Läden haben kaum noch Kunden.",Osann-Monzel,Gemeinde,Rheinland-Pfalz,45-54,female,citizen,LAND_12_MW,Brandenburg - Ministerium für Wirtschaft,Land,234,31,False,False,False,False,6,5,8,6,2,1,True,False,True,False
ISS_20250613034203_1346,2023-10-30 09:40:00,Sicherheit,"Die Straßenbeleuchtung am Fußweg zwischen Dorfstraße und Bushaltestelle ist seit Wochen kaputt. Als junge Frau fühle ich mich abends sehr unsicher, wenn ich von der Arbeit nach Hause laufe, besonders jetzt in der dunklen Jahreszeit.",Lawitz,Gemeinde,Brandenburg,18-24,female,citizen,LAND_15_UM,Sachsen-Anhalt - Ministerium für Umwelt,Land,232,35,True,False,False,False,9,0,30,44,10,4,False,True,True,False
ISS_20250613033645_4927,2024-03-05 16:24:00,Verkehr,"Die Baustelle in der Erfurter Straße dauert schon seit drei Monaten und es gibt keine Umleitung - der Verkehr staut sich täglich bis zur Innenstadt. Wann wird das endlich fertig, damit wir wieder normal zur Arbeit fahren können?",Bad Langensalza,Stadt,Thüringen,35-44,female,citizen,LAND_15_VM,Sachsen-Anhalt - Ministerium für Verkehr,Land,228,38,True,False,False,False,16,1,5,10,3,1,False,True,False,True
ISS_20250613034238_2329,2023-10-28 14:22:00,Umwelt,"Die Mülltrennung in unserem Wohngebiet funktioniert nicht richtig - die gelben Säcke werden oft tagelang nicht abgeholt und der Wind verteilt den Müll überall. Das sieht nicht nur schlimm aus, sondern zieht auch Ungeziefer an.",Havelsee,Stadt,Brandenburg,25-34,female,citizen,LAND_04_UM,Bremen - Ministerium für Umwelt,Land,226,35,False,False,True,False,14,5,28,43,10,4,True,True,False,True
ISS_20250613033645_2139,2023-09-11 20:59:00,Migration,"Die Bearbeitung meines Antrags auf Familienzusammenführung dauert bereits acht Monate ohne jede Rückmeldung. Meine Kinder warten in der Heimat und ich brauche endlich eine Antwort, wann sie zu mir nach Deutschland kommen können.",Welle,Gemeinde,Niedersachsen,35-44,female,citizen,LAND_11_SM,Berlin - Ministerium für Soziales,Land,228,33,False,False,False,False,20,0,11,37,9,3,False,False,False,False
ISS_20250613034241_9493,2024-11-29 13:11:00,Sicherheit,"Der Fußweg entlang der Bundesstraße nach Loburg ist abends völlig unbeleuchtet und extrem gefährlich. Als Berufspendler muss ich dort täglich lang und fürchte um meine Sicherheit, besonders bei Regen oder Nebel.",Möckern,Stadt,Sachsen-Anhalt,45-54,male,citizen,LAND_12_IM,Brandenburg - Ministerium des Innern,Land,211,31,True,False,False,False,13,4,29,48,11,4,False,True,False,True
ISS_20250613033901_6231,2023-06-30 20:33:00,Digitalisierung,"Das Online-Portal der Gemeinde funktioniert bei mir nicht richtig - ich kann keine Formulare ausfüllen oder herunterladen. Für jeden Antrag muss ich extra ins Rathaus fahren, obwohl das doch digital gehen sollte.",Hirz-Maulsbach,Gemeinde,Rheinland-Pfalz,45-54,male,migrant_non_eu,BUND_BUNDESMINISTERIUM_FÜR_DIGITALES_UND_VERKEHR,Bundesministerium für Digitales und Verkehr,Bund,212,32,False,False,False,False,20,4,30,26,6,2,False,False,False,False
ISS_20250613033822_8802,2023-10-27 07:58:00,Wirtschaft,"Die Geschäfte in der Innenstadt stehen seit Monaten leer und es kommen keine neuen Unternehmen dazu. Wann unternimmt die Stadt endlich etwas gegen das Ladensterben, damit Walsrode nicht zur Geisterstadt wird?",Walsrode,Stadt,Niedersachsen,35-44,male,citizen,LAND_08_FM,Baden-Württemberg - Ministerium der Finanzen,Land,208,31,False,False,False,False,7,4,27,43,10,4,False,False,True,False
ISS_20250613034040_1308,2024-11-23 10:39:00,Umwelt,"Der Grünschnitt an der Bushaltestelle Wachsenburg wird seit Monaten nicht gemäht und wuchert völlig zu. Ältere Bürger können kaum noch sicher aussteigen, weil die Sicht durch das hohe Gras komplett versperrt ist.",Amt Wachsenburg,Gemeinde,Thüringen,55-64,female,citizen,LAND_02_MW,Hamburg - Ministerium für Wirtschaft,Land,212,32,True,False,True,False,10,5,23,47,11,4,True,True,True,False
ISS_20250613033840_2578,2023-02-13 01:13:00,Digitalisierung,"Das Online-Portal der Gemeinde ist eine Katastrophe - seit drei Wochen versuche ich, einen Bauantrag digital einzureichen, aber die Seite stürzt ständig ab. Warum kann man nicht einfach alles per E-Mail schicken wie früher?",Bippen,Gemeinde,Niedersachsen,45-54,male,citizen,BUND_BUNDESMINISTERIUM_FÜR_DIGITALES_UND_VERKEHR,Bundesministerium für Digitales und Verkehr,Bund,223,34,False,False,False,False,1,0,13,7,2,1,False,False,False,False
ISS_20250613033802_8902,2024-09-01 06:12:00,Gesundheit,"Die Wartezeiten beim Hausarzt hier in Offenhausen sind unmöglich - drei Wochen für einen normalen Termin! Als Student ohne Auto ist es auch schwer, zu anderen Ärzten zu fahren. Wir brauchen dringend mehr Ärzte in der Gemeinde.",Offenhausen,Gemeinde,Bayern,18-24,male,migrant_eu,LAND_01_GM,Schleswig-Holstein - Ministerium für Gesundheit,Land,226,37,False,False,False,True,6,6,1,35,9,3,True,False,True,False
ISS_20250613033849_3018,2025-05-22 11:02:00,Sicherheit,"Die Straßenbeleuchtung in der Wohnstraße ist seit Monaten kaputt, nachts ist es stockdunkel. Als junge Frau fühle ich mich sehr unsicher, wenn ich abends von der Arbeit nach Hause laufe - bitte reparieren Sie die Lampen schnell.",Köditz,Gemeinde,Bayern,18-24,female,migrant_eu,LAND_06_IM,Hessen - Ministerium des Innern,Land,228,37,True,False,False,False,11,3,22,21,5,2,False,True,True,False
ISS_20250613034007_1554,2024-01-15 15:25:00,Verkehr,Die Straße durch den Sachsenwald ist voller Schlaglöcher und wird immer schlechter. Besonders nach dem letzten Regen ist sie kaum noch befahrbar - mein Auto hat schon Schäden davongetragen und andere Autofahrer weichen gefährlich aus.,Sachsenwald (Forstgutsbez.),Gemeindefreies Gebiet,Schleswig-Holstein,25-34,female,citizen,LAND_04_VM,Bremen - Ministerium für Verkehr,Land,234,35,True,False,False,False,15,0,15,3,1,1,False,True,False,True
ISS_20250613033733_6695,2023-05-16 11:51:00,Migration,Die Bearbeitung meines Antrags auf Familienzusammenführung dauert bereits acht Monate ohne jede Rückmeldung vom Ausländeramt. Meine Frau wartet in der Heimat und wir brauchen endlich eine Antwort oder wenigstens einen Termin für ein Gespräch.,Genthin,Stadt,Sachsen-Anhalt,35-44,male,citizen,LAND_08_SM,Baden-Württemberg - Ministerium für Soziales,Land,242,34,False,False,False,False,11,1,16,20,5,2,False,True,True,False
ISS_20250613033702_3692,2023-11-08 13:47:00,Bildung,"Die Realschule hier in Pfeffenhausen hat schon wieder den Elternabend abgesagt, weil zu wenig Lehrer da sind. Mein Sohn verpasst wichtigen Stoff und ich verstehe nicht, warum die Schule so schlecht organisiert ist.",Pfeffenhausen,Gemeinde,Bayern,45-54,female,migrant_eu,LAND_04_BM,Bremen - Ministerium für Bildung,Land,214,33,False,True,False,False,13,2,8,45,11,4,False,True,False,True
ISS_20250613034043_2077,2025-01-27 14:10:00,Digitalisierung,"Das Online-Portal für die Anmeldung meines Autos ist seit Tagen nicht erreichbar und die Telefon-Hotline ist permanent besetzt. Ich brauche dringend meine Zulassung für den neuen Job, aber komme digital nicht weiter.",Hilpoltstein,Stadt,Bayern,18-24,male,citizen,BUND_BUNDESMINISTERIUM_FÜR_DIGITALES_UND_VERKEHR,Bundesministerium für Digitales und Verkehr,Bund,216,32,False,False,False,False,14,0,27,5,1,1,False,True,False,True
ISS_20250613033936_5418,2025-05-05 13:57:00,Digitalisierung,Die Online-Terminbuchung für das Bürgerbüro funktioniert seit Wochen nicht richtig - ständig Fehlermeldungen und die Seite lädt ewig. Meine 80-jährige Mutter kann so keinen Termin für ihren neuen Personalausweis buchen und ist völlig verzweifelt.,Waldsassen,Stadt,Bayern,45-54,female,citizen,BUND_BUNDESMINISTERIUM_FÜR_DIGITALES_UND_VERKEHR,Bundesministerium für Digitales und Verkehr,Bund,246,34,False,False,False,False,13,0,5,19,5,2,False,True,False,True
ISS_20250613034011_4523,2023-11-06 10:34:00,Sicherheit,"Die Straßenbeleuchtung in der Kirchgasse ist seit Wochen kaputt, dadurch ist der Gehweg abends völlig dunkel und gefährlich. Als älterer Bürger traue ich mich kaum noch nach Einbruch der Dunkelheit dort zu gehen.",Zaberfeld,Gemeinde,Baden-Württemberg,55-64,male,citizen,LAND_07_UM,Rheinland-Pfalz - Ministerium für Umwelt,Land,212,33,True,False,False,False,10,0,6,45,11,4,False,True,True,False
ISS_20250613033954_5100,2025-02-07 01:54:00,Sicherheit,"Die Straßenbeleuchtung in der Annabergstraße ist seit drei Wochen defekt, wodurch der Gehweg abends völlig dunkel ist. Als Vater mache ich mir Sorgen um die Sicherheit meiner Kinder auf dem Schulweg.",Haltern am See,Stadt,Nordrhein-Westfalen,35-44,male,citizen,LAND_09_IM,Bayern - Ministerium des Innern,Land,199,31,True,False,False,False,1,4,7,6,2,1,False,False,False,False
ISS_20250613033923_7643,2023-09-23 06:29:00,Sicherheit,"Die Unterführung am Hauptbahnhof ist abends völlig unzureichend beleuchtet und wirkt sehr unsicher. Als älterer Bürger meide ich diesen Weg nach Einbruch der Dunkelheit, obwohl es der direkteste Weg in die Innenstadt ist.",Wolfsburg,Stadt,Niedersachsen,55-64,male,citizen,LAND_12_IM,Brandenburg - Ministerium des Innern,Land,221,33,True,False,False,False,6,5,23,38,9,3,True,False,True,False
ISS_20250613034054_5290,2024-11-13 03:11:00,Gesundheit,"Die Wartezeit beim Gesundheitsamt für einen Termin zur Gesundheitsberatung beträgt über drei Monate. Als Diabetiker brauche ich dringend Unterstützung bei der Ernährungsberatung, aber diese lange Wartezeit ist für chronisch Kranke nicht akzeptabel.",Dülmen,Stadt,Nordrhein-Westfalen,45-54,male,citizen,LAND_16_SM,Thüringen - Ministerium für Soziales,Land,248,32,False,False,False,False,3,2,13,46,11,4,False,False,False,False
ISS_20250613033848_8041,2024-12-01 09:26:00,Gesundheit,"Die Wartezeit beim Hausarzt in Höfen ist unmöglich geworden - drei Wochen für einen normalen Termin! Als junge Berufstätige kann ich nicht ewig auf wichtige Untersuchungen warten, wir brauchen dringend mehr Ärzte in der Gemeinde.",Höfen an der Enz,Gemeinde,Baden-Württemberg,18-24,female,citizen,LAND_07_GM,Rheinland-Pfalz - Ministerium für Gesundheit,Land,229,35,False,False,False,True,9,6,1,48,12,4,True,True,True,False
ISS_20250613033821_2702,2024-12-27 09:14:00,Bildung,"Die Schulbusse zur Grundschule kommen seit drei Wochen regelmäßig 15-20 Minuten zu spät, wodurch mein Sohn bereits mehrfach den Unterrichtsbeginn verpasst hat. Das kann so nicht weitergehen, die Kinder leiden darunter.",Bliesdorf,Gemeinde,Brandenburg,35-44,female,citizen,LAND_10_BM,Saarland - Ministerium für Bildung,Land,218,31,True,True,False,False,9,4,27,52,12,4,False,True,True,False
ISS_20250613033708_1610,2024-04-21 11:37:00,Wirtschaft,"Die Baustelle an der Hauptgeschäftsstraße dauert schon drei Monate und viele kleine Läden verlieren Kunden, weil niemand mehr dort parken kann. Wann wird endlich eine Lösung für die Geschäftsinhaber gefunden, die unter den Umsatzeinbußen leiden?",Passade,Gemeinde,Schleswig-Holstein,45-54,female,citizen,LAND_14_MW,Sachsen - Ministerium für Wirtschaft,Land,245,35,True,False,False,False,11,6,21,16,4,2,True,True,True,False
ISS_20250613034155_1822,2023-11-17 06:11:00,Gesundheit,"Die Wartezeit beim Kinderarzt in Steinau beträgt mittlerweile über drei Wochen für einen normalen Termin. Meine Tochter war krank und ich musste ins 20 Kilometer entfernte Schlüchtern fahren, weil hier einfach keine Termine verfügbar sind.",Steinau an der Straße,Stadt,Hessen,35-44,female,citizen,LAND_10_SM,Saarland - Ministerium für Soziales,Land,239,35,False,False,False,True,6,4,17,46,11,4,False,False,True,False
ISS_20250613033730_8709,2024-11-13 04:08:00,Umwelt,Die Mülltonne an der Bushaltestelle Königstraße quillt seit über einer Woche über und stinkt fürchterlich. Besonders bei dem warmen Wetter ist das untragbar für alle Wartenden und lockt Ungeziefer an.,Bergheim,Stadt,Nordrhein-Westfalen,45-54,male,citizen,LAND_10_MW,Saarland - Ministerium für Wirtschaft,Land,200,30,True,False,True,False,4,2,13,46,11,4,False,False,False,False
ISS_20250613033807_6872,2023-01-18 21:37:00,Umwelt,"Der Wanderweg entlang der Gera ist voller Hundekot und weggeworfener Flaschen. Als Rentner gehe ich dort täglich spazieren, aber der Zustand ist inzwischen so schlimm, dass ich Angst habe auszurutschen oder mich zu verletzen.",Geratal,Gemeinde,Thüringen,55-64,female,citizen,LAND_06_MW,Hessen - Ministerium für Wirtschaft,Land,225,34,False,False,False,False,21,2,18,3,1,1,False,False,False,False
ISS_20250613034045_9115,2025-02-10 08:26:00,Umwelt,"Die Mülltrennung in unserem Wohngebiet funktioniert nicht richtig - viele Nachbarn werfen alles in den Restmüll. Die Gemeinde sollte mehr Aufklärung machen und eventuell Bußgelder verhängen, damit wir alle ordentlich trennen.",Satteldorf,Gemeinde,Baden-Württemberg,45-54,male,migrant_eu,LAND_03_MW,Niedersachsen - Ministerium für Wirtschaft,Land,225,31,False,False,True,False,8,0,10,7,2,1,False,True,True,False
ISS_20250613033737_4699,2023-07-10 09:18:00,Migration,Die Bearbeitung meines Antrags auf Familienzusammenführung dauert bereits acht Monate ohne jede Rückmeldung. Meine Frau wartet in der Türkei und wir brauchen endlich eine Antwort oder wenigstens eine Zwischenmitteilung zum Stand des Verfahrens.,Köthen (Anhalt),Stadt,Sachsen-Anhalt,25-34,diverse,citizen,LAND_02_SM,Hamburg - Ministerium für Soziales,Land,244,33,False,False,False,False,9,0,10,28,7,3,False,True,True,False
ISS_20250613034127_3966,2024-09-30 12:00:00,Sicherheit,"Die Straßenbeleuchtung in der Siedlung Am Mühlbach ist seit Wochen defekt, mehrere Laternen sind komplett dunkel. Besonders für uns Frauen ist der Heimweg abends sehr unsicher geworden, und auch Kinder trauen sich nicht mehr alleine raus.",Neustadt a.d.Donau,Stadt,Bayern,35-44,female,citizen,LAND_08_IM,Baden-Württemberg - Ministerium des Innern,Land,238,36,True,False,False,False,12,0,30,40,9,3,False,True,True,True
ISS_20250613033929_7258,2023-09-09 10:47:00,Gesundheit,"Die Wartezeit beim Hausarzt in Ueckermünde ist unmöglich geworden - drei Wochen für einen normalen Termin! Als berufstätige Mutter kann ich nicht einfach stundenlang im Wartezimmer sitzen, wenn dann doch kurzfristig abgesagt wird.",Ueckermünde,Stadt,Mecklenburg-Vorpommern,45-54,female,migrant_eu,LAND_02_GM,Hamburg - Ministerium für Gesundheit,Land,230,33,False,False,False,True,10,5,9,36,9,3,True,True,True,False
ISS_20250613033853_2574,2023-04-12 16:06:00,Wirtschaft,"Die Parkgebühren in der Innenstadt sind viel zu hoch und schrecken Kunden ab. Viele Geschäfte stehen leer, weil niemand mehr zum Einkaufen kommt - das schadet unserer ganzen Stadt und den lokalen Betrieben.",Bad Wurzach,Stadt,Baden-Württemberg,45-54,female,citizen,LAND_11_MW,Berlin - Ministerium für Wirtschaft,Land,206,33,False,False,False,False,16,2,12,15,4,2,False,True,False,True
ISS_20250613033746_4167,2023-08-24 14:34:00,Sicherheit,"Der Gehweg entlang der Hauptstraße ist abends völlig unbeleuchtet und durch Wurzelschäden sehr uneben. Ich bin letzte Woche gestürzt und befürchte, dass besonders ältere Mitbürger sich hier verletzen könnten.",Duingen,Gemeinde,Niedersachsen,45-54,female,citizen,LAND_04_UM,Bremen - Ministerium für Umwelt,Land,208,29,True,False,False,False,14,3,24,34,8,3,False,True,False,True
ISS_20250613033954_2944,2024-06-08 13:39:00,Gesundheit,"Die Wartezeit beim Hausarzt in Blaufelden ist mittlerweile unerträglich - drei Wochen für einen normalen Termin! Für berufstätige Mütter wie mich ist das unmöglich, besonders wenn die Kinder krank sind und sofort behandelt werden müssen.",Blaufelden,Gemeinde,Baden-Württemberg,35-44,female,citizen,LAND_02_SM,Hamburg - Ministerium für Soziales,Land,237,35,False,False,False,True,13,5,8,23,6,2,True,True,False,True
ISS_20250613034036_9262,2025-03-18 07:04:00,Verkehr,Die Gehwege in der Lange Straße sind seit dem Winter voller Schlaglöcher und sehr uneben. Als Rentner mit Gehstock ist das für mich und andere ältere Bürger sehr gefährlich - wir können kaum noch sicher zu Fuß gehen.,Delbrück,Stadt,Nordrhein-Westfalen,65+,male,citizen,LAND_06_VM,Hessen - Ministerium für Verkehr,Land,216,38,True,False,False,False,7,1,18,12,3,1,False,False,True,False
ISS_20250613034257_6904,2023-10-20 07:22:00,Wirtschaft,"Die Baustelle in der Innenstadt dauert schon über ein Jahr und viele Geschäfte mussten bereits schließen. Wann wird endlich fertig gebaut, damit unsere lokalen Unternehmen wieder Kunden haben und nicht noch mehr Arbeitsplätze verloren gehen?",Butzbach,Stadt,Hessen,45-54,female,citizen,LAND_10_MW,Saarland - Ministerium für Wirtschaft,Land,241,35,False,False,False,False,7,4,20,42,10,4,False,False,True,False
ISS_20250613034044_5283,2023-12-11 02:58:00,Digitalisierung,"Das Online-Portal der Stadt für Anträge ist eine Katastrophe - ständig stürzt es ab und man muss alles neu eingeben. Warum kann ich meinen Personalausweis nicht einfach digital beantragen, wie es in anderen Städten längst möglich ist?",Bielefeld,Stadt,Nordrhein-Westfalen,45-54,male,citizen,BUND_BUNDESMINISTERIUM_FÜR_DIGITALES_UND_VERKEHR,Bundesministerium für Digitales und Verkehr,Bund,234,37,False,False,False,False,2,0,11,50,12,4,False,False,False,False
ISS_20250613033939_6238,2025-01-07 20:57:00,Digitalisierung,"Die Online-Terminbuchung für den Bürgerservice funktioniert seit Wochen nicht richtig - ich kann keinen Termin für meinen Personalausweis buchen. Als berufstätiger Vater brauche ich dringend digitale Lösungen, die auch wirklich funktionieren.",Wettringen,Gemeinde,Nordrhein-Westfalen,45-54,male,migrant_eu,BUND_BUNDESMINISTERIUM_FÜR_DIGITALES_UND_VERKEHR,Bundesministerium für Digitales und Verkehr,Bund,242,31,False,False,False,False,20,1,7,2,1,1,False,False,False,False
ISS_20250613033730_2199,2023-03-08 19:23:00,Bildung,"In der Mittelschule fehlen seit Monaten Mathelehrer, deshalb fällt für meinen Sohn ständig Unterricht aus. Die Klassen werden zusammengelegt und die Kinder lernen nichts mehr richtig - das kann so nicht weitergehen!",Vilshofen an der Donau,Stadt,Bayern,35-44,male,citizen,LAND_08_BM,Baden-Württemberg - Ministerium für Bildung,Land,215,32,False,True,False,False,19,2,8,10,3,1,False,False,False,False
ISS_20250613034039_4783,2023-05-31 14:57:00,Wirtschaft,"Die hohen Gewerbesteuern in Ovelgönne machen es für junge Leute wie mich unmöglich, ein eigenes Geschäft zu eröffnen. Andere Gemeinden sind viel günstiger - so verliert unser Ort alle jungen Unternehmer an die Konkurrenz.",Ovelgönne,Gemeinde,Niedersachsen,18-24,male,citizen,LAND_05_FM,Nordrhein-Westfalen - Ministerium der Finanzen,Land,221,34,False,False,False,False,14,2,31,22,5,2,False,True,False,True
ISS_20250613033838_9314,2023-09-23 09:15:00,Digitalisierung,"Die Online-Terminbuchung für das Bürgerbüro ist seit Wochen außer Betrieb und am Telefon erreicht man niemanden. Für einen einfachen Meldezettel muss ich jetzt stundenlang anstehen, das kann doch nicht sein im Jahr 2024!",Bad Belzig,Stadt,Brandenburg,35-44,male,citizen,BUND_BUNDESMINISTERIUM_FÜR_DIGITALES_UND_VERKEHR,Bundesministerium für Digitales und Verkehr,Bund,220,33,False,False,False,False,9,5,23,38,9,3,True,True,True,False
ISS_20250613033758_5084,2023-04-25 06:10:00,Sicherheit,"Die Straßenbeleuchtung in der Dorfstraße ist seit Wochen kaputt, dadurch ist der Gehweg abends völlig dunkel und gefährlich. Besonders für ältere Bewohner ist das ein Sicherheitsrisiko - bitte um schnelle Reparatur.",Remptendorf,Gemeinde,Thüringen,45-54,male,citizen,LAND_16_IM,Thüringen - Ministerium des Innern,Land,215,31,True,False,False,False,6,1,25,17,4,2,False,False,True,False
ISS_20250613034118_4760,2024-07-09 04:18:00,Gesundheit,"Die Wartezeit für einen Facharzttermin beim Orthopäden hier in Rothenburg ist unmöglich - über vier Monate für einen Termin! Meine Rückenschmerzen werden immer schlimmer, aber alle Praxen sind überlastet und nehmen keine neuen Patienten an.",Rothenburg ob der Tauber,Stadt,Bayern,45-54,female,citizen,LAND_16_SM,Thüringen - Ministerium für Soziales,Land,240,35,False,False,False,True,4,1,9,28,7,3,False,False,False,False
ISS_20250613033649_8208,2024-12-21 12:06:00,Bildung,"Die Heizung in der Grundschule Üchtelhausen ist seit drei Wochen kaputt und die Kinder frieren im Unterricht. Meine Tochter kommt jeden Tag durchgefroren nach Hause - das kann so nicht weitergehen, bitte reparieren Sie das endlich!",Üchtelhausen,Gemeinde,Bayern,45-54,male,citizen,LAND_07_BM,Rheinland-Pfalz - Ministerium für Bildung,Land,231,36,False,True,False,False,12,5,21,51,12,4,True,True,True,True
ISS_20250613033851_9641,2024-08-23 07:07:00,Digitalisierung,"Das Online-Portal der Stadt ist eine Katastrophe - ständig hängt es sich auf und man kann keine Termine buchen. Warum dauert es hier so lange, bis endlich mal vernünftige digitale Services angeboten werden wie in anderen Städten?",Sundern (Sauerland),Stadt,Nordrhein-Westfalen,45-54,male,citizen,BUND_BUNDESMINISTERIUM_FÜR_DIGITALES_UND_VERKEHR,Bundesministerium für Digitales und Verkehr,Bund,229,37,False,False,False,False,7,4,23,34,8,3,False,False,True,False
ISS_20250613033854_1421,2024-03-21 11:05:00,Migration,"Die Bearbeitung meines Aufenthaltsantrags dauert bereits über sechs Monate ohne jede Rückmeldung vom Ausländeramt. Meine Familie und ich leben in ständiger Unsicherheit, weil wir nicht wissen, ob wir bleiben können oder arbeiten dürfen.",Rheinbach,Stadt,Nordrhein-Westfalen,45-54,male,migrant_non_eu,LAND_06_SM,Hessen - Ministerium für Soziales,Land,236,33,False,False,False,False,11,3,21,12,3,1,False,True,True,False
ISS_20250613033853_5850,2024-08-26 09:51:00,Sicherheit,"Die Straßenbeleuchtung am Weg vom Bahnhof zur Ortsmitte ist seit Wochen kaputt. Als junge Frau fühle ich mich abends sehr unsicher, wenn ich von der Arbeit heimkomme, weil der Weg komplett dunkel ist.",Walting,Gemeinde,Bayern,18-24,female,citizen,LAND_01_IM,Schleswig-Holstein - Ministerium des Innern,Land,200,33,True,False,False,False,9,0,26,35,8,3,False,True,True,False
ISS_20250613034254_7040,2024-07-28 15:43:00,Migration,"Die Sprachkurse für Migranten im Gemeindezentrum sind völlig überfüllt und chaotisch organisiert. Meine Nachbarin wartet seit Monaten auf einen Platz, während andere Kurse gleichzeitig leer stehen - das kann doch nicht sein.",Strasburg (Uckermark),Stadt,Mecklenburg-Vorpommern,35-44,male,citizen,LAND_07_SM,Rheinland-Pfalz - Ministerium für Soziales,Land,224,32,False,False,False,False,15,6,28,30,7,3,True,True,False,True
ISS_20250613033842_8003,2024-09-04 20:50:00,Sicherheit,"Der Fußweg vom Bahnhof zur Innenstadt ist abends völlig unbeleuchtet und ich fühle mich als junger Mann unsicher, wenn ich spät von der Arbeit komme. Bitte installieren Sie mehr Straßenlaternen für bessere Sicherheit.",Bad Boll,Gemeinde,Baden-Württemberg,18-24,male,citizen,LAND_04_IM,Bremen - Ministerium des Innern,Land,217,33,True,False,False,False,20,2,4,36,9,3,False,False,False,False
ISS_20250613034018_6988,2023-02-20 06:09:00,Umwelt,"Die illegale Müllentsorgung am Waldrand hinter dem Dorfteich nimmt überhand - dort werden regelmäßig Autoreifen, Elektroschrott und sogar Farbreste abgeladen. Das verschmutzt unser Grundwasser und ist eine Gefahr für die Kinder, die dort spielen.",Sülstorf,Gemeinde,Mecklenburg-Vorpommern,25-34,female,citizen,LAND_13_MW,Mecklenburg-Vorpommern - Ministerium für Wirtschaft,Land,246,34,False,False,True,False,6,0,20,8,2,1,False,False,True,False
ISS_20250613033851_3171,2024-02-28 21:38:00,Bildung,"Die Computer in der Berufsschule meines Sohnes sind völlig veraltet und funktionieren kaum noch. Wie sollen die Jugendlichen so digitale Kompetenzen lernen, wenn die Technik aus den 90er Jahren stammt?",Hannover,Stadt,Niedersachsen,55-64,female,migrant_eu,LAND_09_BM,Bayern - Ministerium für Bildung,Land,201,30,False,True,False,False,21,2,28,9,2,1,False,False,False,False
ISS_20250613034143_6848,2023-07-17 07:24:00,Bildung,"Meine Tochter besucht die 7. Klasse und braucht dringend Deutschförderung, aber es gibt keine freien Plätze in den Sprachkursen. Ohne bessere Deutschkenntnisse kann sie dem Unterricht nicht folgen und ihre Noten werden immer schlechter.",Harsewinkel,Stadt,Nordrhein-Westfalen,45-54,female,migrant_non_eu,LAND_10_BM,Saarland - Ministerium für Bildung,Land,236,34,False,True,False,False,7,0,17,29,7,3,False,False,True,False
ISS_20250613033742_7597,2024-04-21 14:54:00,Bildung,Die Heizung in der Sekundarschule meines Enkels ist seit drei Wochen kaputt. Die Kinder müssen mit Jacken im Unterricht sitzen und können sich nicht konzentrieren. Das ist unzumutbar bei diesen Temperaturen!,Gardelegen,Stadt,Sachsen-Anhalt,55-64,female,citizen,LAND_09_BM,Bayern - Ministerium für Bildung,Land,207,31,False,True,False,False,14,6,21,16,4,2,True,True,False,True
ISS_20250613033723_8614,2023-06-16 07:12:00,Bildung,"Die Turnhalle der örtlichen Grundschule ist seit drei Monaten wegen Wasserschäden gesperrt. Mein Sohn und seine Klasse müssen seitdem den Sportunterricht ausfallen lassen, obwohl Sport gerade für die Entwicklung der Kinder so wichtig ist.",Elmenhorst,Gemeinde,Schleswig-Holstein,45-54,male,citizen,LAND_03_BM,Niedersachsen - Ministerium für Bildung,Land,238,34,False,True,False,False,7,4,16,24,6,2,False,False,True,False
ISS_20250613033936_7178,2023-04-09 09:32:00,Umwelt,Die Mülltrennung in unserer Wohnanlage Am Wallgraben funktioniert nicht mehr - die Tonnen sind ständig überfüllt und der Müll liegt überall rum. Das zieht Ungeziefer an und ist unhygienisch für die Kinder hier.,Salzwedel,Stadt,Sachsen-Anhalt,55-64,female,citizen,LAND_07_UM,Rheinland-Pfalz - Ministerium für Umwelt,Land,210,33,False,False,True,False,9,6,9,14,4,2,True,True,True,False
ISS_20250613033705_4813,2024-10-26 04:06:00,Bildung,"In der örtlichen Grundschule fehlen seit Monaten zwei Lehrkräfte, wodurch mein Enkel oft nur vier Stunden Unterricht hat. Die Gemeinde muss endlich handeln, damit unsere Kinder eine ordentliche Bildung bekommen und nicht benachteiligt werden.",Fargau-Pratjau,Gemeinde,Schleswig-Holstein,55-64,male,citizen,LAND_04_BM,Bremen - Ministerium für Bildung,Land,242,34,False,True,False,False,4,5,26,43,10,4,True,False,False,False
ISS_20250613033958_3800,2025-05-30 23:09:00,Gesundheit,"Die Wartezeit beim Hausarzt in Husby ist unmöglich - drei Wochen für einen normalen Termin! Als Nicht-EU-Bürger wird man oft abgewiesen oder muss ewig warten, obwohl man Versicherung hat.",Husby,Gemeinde,Schleswig-Holstein,25-34,male,migrant_non_eu,LAND_04_GM,Bremen - Ministerium für Gesundheit,Land,187,29,False,False,False,True,23,4,30,22,5,2,False,False,False,False
ISS_20250613033815_8165,2024-04-05 05:27:00,Sicherheit,"Der Fußweg entlang der Twistetal-Radroute ist abends völlig unbeleuchtet und durch überhängende Äste kaum passierbar. Als Anwohner mache ich mir Sorgen um die Sicherheit von Fußgängern und Radfahrern, besonders in der dunklen Jahreszeit.",Bad Arolsen,Stadt,Hessen,45-54,male,citizen,LAND_04_IM,Bremen - Ministerium des Innern,Land,237,33,False,False,False,False,5,4,5,14,4,2,False,False,False,False
ISS_20250613033922_6896,2023-09-22 11:08:00,Wirtschaft,"Die Berufsberatung im Jobcenter hat mir als EU-Bürger nur schlecht bezahlte Aushilfsjobs angeboten, obwohl ich eine Ausbildung als Elektriker machen möchte. Andere junge Leute bekommen bessere Unterstützung bei der Berufswahl.",Malchin,Stadt,Mecklenburg-Vorpommern,18-24,male,migrant_eu,LAND_14_MW,Sachsen - Ministerium für Wirtschaft,Land,226,30,False,False,False,False,11,4,22,38,9,3,False,True,True,False
ISS_20250613034216_9024,2025-05-30 02:41:00,Gesundheit,"Die Wartezeit beim Gesundheitsamt für einen Termin zur Gesundheitsberatung beträgt mittlerweile über drei Monate. Als junge Mutter brauche ich dringend Beratung zu Impfungen für mein Baby, aber diese langen Wartezeiten sind einfach nicht akzeptabel.",Wuppertal,Stadt,Nordrhein-Westfalen,25-34,female,citizen,LAND_02_SM,Hamburg - Ministerium für Soziales,Land,249,34,False,False,False,False,2,4,30,22,5,2,False,False,False,False
ISS_20250613034240_2416,2025-04-10 00:43:00,Wirtschaft,Die Gewerbesteuer für kleine Betriebe in Holt ist viel zu hoch im Vergleich zu den Nachbargemeinden. Dadurch wandern Unternehmen ab und wir verlieren Arbeitsplätze - das schadet unserer ganzen Region.,Holt,Gemeinde,Schleswig-Holstein,35-44,male,citizen,LAND_12_MW,Brandenburg - Ministerium für Wirtschaft,Land,200,30,False,False,False,False,0,3,10,15,4,2,False,False,False,False
ISS_20250613033813_6608,2023-01-02 13:31:00,Umwelt,"Die Mülleimer am Bahnhof in Goseck quellen seit Tagen über und der Gestank ist unerträglich. Außerdem liegt überall Müll rum, weil die Leute ihren Abfall einfach daneben werfen wenn die Tonnen voll sind.",Goseck,Gemeinde,Sachsen-Anhalt,18-24,female,citizen,LAND_10_UM,Saarland - Ministerium für Umwelt,Land,203,33,True,False,True,False,13,0,2,1,1,1,False,True,False,True
ISS_20250613034130_5847,2023-05-08 09:51:00,Gesundheit,"Die Wartezeit beim Hausarzt in Wolfach beträgt mittlerweile über drei Wochen für einen normalen Termin. Für berufstätige Mütter wie mich ist es unmöglich, kurzfristig einen Arzt zu finden, wenn das Kind krank wird.",Wolfach,Stadt,Baden-Württemberg,35-44,female,citizen,LAND_01_GM,Schleswig-Holstein - Ministerium für Gesundheit,Land,214,33,False,False,False,True,9,0,8,19,5,2,False,True,True,False
ISS_20250613033743_2489,2024-10-31 20:50:00,Gesundheit,"Die Wartezeiten beim Hausarzt in Telgte sind unmöglich geworden - für einen Termin muss man drei Wochen warten, selbst wenn man krank ist. Als junger Berufstätiger kann ich nicht einfach in die Notaufnahme fahren wegen jeder Erkältung.",Telgte,Stadt,Nordrhein-Westfalen,18-24,male,citizen,LAND_07_GM,Rheinland-Pfalz - Ministerium für Gesundheit,Land,235,37,False,False,False,True,20,3,31,44,10,4,False,False,False,False
ISS_20250613033848_1055,2023-08-26 06:15:00,Umwelt,"Die Mülltrennung in unserem Wohnblock funktioniert überhaupt nicht - alle Tonnen stehen durcheinander und keiner weiß, was wohin gehört. Außerdem stinkt es total, weil der Biomüll viel zu selten abgeholt wird.",Ilsede,Gemeinde,Niedersachsen,18-24,male,migrant_non_eu,LAND_03_UM,Niedersachsen - Ministerium für Umwelt,Land,209,31,False,False,True,False,6,5,26,34,8,3,True,False,True,False
ISS_20250613033857_5493,2023-09-22 22:23:00,Bildung,Die Anmeldung meines Sohnes für die weiterführende Schule ist sehr kompliziert und die Unterlagen sind nur auf Deutsch verfügbar. Können Sie bitte Informationen auch in anderen EU-Sprachen bereitstellen oder eine Beratung anbieten?,Luckau,Stadt,Brandenburg,35-44,male,migrant_eu,LAND_01_BM,Schleswig-Holstein - Ministerium für Bildung,Land,231,32,False,True,False,False,22,4,22,38,9,3,False,False,False,False
ISS_20250613033649_4138,2024-07-19 03:19:00,Bildung,"Die Grundschule meines Sohnes hat schon wieder drei Deutschstunden diese Woche gestrichen, weil die Lehrerin krank ist. Für Kinder wie meinen, die Deutsch als Zweitsprache lernen, ist das besonders schlimm - er kommt gar nicht mehr mit.",Mirow,Stadt,Mecklenburg-Vorpommern,35-44,female,migrant_non_eu,LAND_14_BM,Sachsen - Ministerium für Bildung,Land,236,37,False,True,False,False,3,4,19,29,7,3,False,False,False,False
ISS_20250613033655_4239,2024-04-25 06:31:00,Migration,Die Bearbeitung von Asylanträgen in unserem Landkreis dauert viel zu lange. Mein Nachbar wartet schon seit über einem Jahr auf eine Entscheidung und kann deshalb nicht richtig arbeiten oder seine Familie nachholen.,Groß Kreutz (Havel),Gemeinde,Brandenburg,65+,male,citizen,LAND_12_SM,Brandenburg - Ministerium für Soziales,Land,214,32,False,False,False,False,6,3,25,17,4,2,False,False,True,False
ISS_20250613034133_6086,2023-09-04 04:57:00,Bildung,"In der Grundschule Großbundenbach fällt seit Monaten regelmäßig der Sportunterricht aus, weil die Turnhalle undicht ist und nicht saniert wird. Mein Sohn hat dadurch nur noch eine Sportstunde pro Woche statt der vorgesehenen drei Stunden.",Großbundenbach,Gemeinde,Rheinland-Pfalz,45-54,male,citizen,LAND_13_BM,Mecklenburg-Vorpommern - Ministerium für Bildung,Land,238,35,False,True,False,False,4,0,4,36,9,3,False,False,False,False
ISS_20250613033729_1315,2023-09-12 17:13:00,Bildung,"Die Schule meiner Kinder hat seit Monaten keinen Informatiklehrer mehr, obwohl das Fach im Stundenplan steht. Meine Tochter verpasst dadurch wichtige digitale Kompetenzen, die sie für ihre Zukunft braucht.",Gnoien,Stadt,Mecklenburg-Vorpommern,35-44,female,migrant_eu,LAND_14_BM,Sachsen - Ministerium für Bildung,Land,205,29,False,True,False,False,17,1,12,37,9,3,False,True,False,True
ISS_20250613033937_5818,2024-09-30 03:46:00,Umwelt,"Die Hecken entlang der Dorfstraße sind seit Monaten nicht geschnitten worden und ragen mittlerweile auf den Gehweg. Als Rentner mit Rollator muss ich auf die Fahrbahn ausweichen, was sehr gefährlich ist. Bitte um baldige Abhilfe.",Weilbach,Gemeinde,Bayern,65+,male,citizen,LAND_07_UM,Rheinland-Pfalz - Ministerium für Umwelt,Land,229,35,True,False,False,False,3,0,30,40,9,3,False,False,False,False
ISS_20250613033937_5147,2023-03-27 14:32:00,Digitalisierung,"Die Online-Terminbuchung für das Bürgerbüro funktioniert seit Wochen nicht richtig - man kann zwar einen Termin auswählen, aber bekommt keine Bestätigung. Meine 80-jährige Mutter kann sich nicht mehr persönlich anstellen und ist völlig hilflos.",Irlbach,Gemeinde,Bayern,45-54,female,citizen,BUND_BUNDESMINISTERIUM_FÜR_DIGITALES_UND_VERKEHR,Bundesministerium für Digitales und Verkehr,Bund,244,34,False,False,False,False,14,0,27,13,3,1,False,True,False,True
ISS_20250613034053_9802,2024-07-24 07:51:00,Sicherheit,"Die Straßenbeleuchtung in der Kirchgasse ist seit Wochen defekt, wodurch der Gehweg abends völlig dunkel ist. Als älterer Bürger fühle ich mich dort sehr unsicher und habe bereits zweimal fast gestürzt.",Udenheim,Gemeinde,Rheinland-Pfalz,55-64,male,citizen,LAND_03_IM,Niedersachsen - Ministerium des Innern,Land,202,31,True,False,False,False,7,2,24,30,7,3,False,False,True,False
ISS_20250613034124_4811,2023-04-10 07:34:00,Verkehr,"Die Bushaltestelle an der Dorfstraße hat seit Monaten kein Wartehäuschen mehr und die Fahrgäste müssen bei jedem Wetter im Freien stehen. Besonders für ältere Menschen und Kinder ist das unzumutbar, bitte um schnelle Reparatur oder Ersatz.",Neuenkirchen-Vörden,Gemeinde,Niedersachsen,45-54,female,citizen,LAND_16_VM,Thüringen - Ministerium für Verkehr,Land,239,36,True,False,False,False,7,0,10,15,4,2,False,False,True,False
ISS_20250613033843_8899,2023-01-17 09:24:00,Umwelt,"Die Straßenbeleuchtung in der Lindenstraße ist seit drei Wochen komplett ausgefallen. Abends ist es dort stockdunkel und sehr gefährlich, besonders für ältere Bewohner wie mich. Bitte kümmern Sie sich schnell um die Reparatur.",Samern,Gemeinde,Niedersachsen,55-64,diverse,citizen,LAND_14_MW,Sachsen - Ministerium für Wirtschaft,Land,226,33,True,False,False,False,9,1,17,3,1,1,False,True,True,False
ISS_20250613033905_8771,2023-12-07 10:36:00,Migration,"Die Sprachkurse für Migranten in unserer Stadt sind völlig überfüllt und neue Teilnehmer müssen monatelang warten. Meine Nachbarin möchte endlich Deutsch lernen, aber bekommt keinen Platz - das behindert die Integration erheblich.",Herrieden,Stadt,Bayern,45-54,female,citizen,LAND_10_SM,Saarland - Ministerium für Soziales,Land,230,32,False,False,False,False,10,3,7,49,12,4,False,True,True,False
ISS_20250613033830_6153,2024-02-24 08:18:00,Gesundheit,"Die Wartezeit beim Hausarzt in Bad Driburg ist unmöglich geworden - drei Wochen für einen normalen Termin! Meine Kinder waren krank und ich musste ins teure Medizinische Versorgungszentrum fahren, weil kein Arzt hier Zeit hatte.",Bad Driburg,Stadt,Nordrhein-Westfalen,35-44,female,citizen,LAND_13_SM,Mecklenburg-Vorpommern - Ministerium für Soziales,Land,228,35,False,False,False,True,8,5,24,8,2,1,True,True,True,False
ISS_20250613033645_4723,2024-02-05 20:19:00,Wirtschaft,"Die Gewerbeanmeldung für meinen kleinen Handwerksbetrieb dauert jetzt schon drei Monate. Ohne die Genehmigung kann ich nicht richtig arbeiten und verliere Kunden. Bitte beschleunigen Sie das Verfahren, ich brauche endlich eine Antwort vom Gewerbeamt.",Werl,Stadt,Nordrhein-Westfalen,25-34,male,citizen,LAND_09_MW,Bayern - Ministerium für Wirtschaft,Land,250,34,False,False,False,False,20,0,5,6,2,1,False,False,False,False
ISS_20250613033947_7335,2023-05-27 22:46:00,Bildung,"Die Schulbusse zur Regionalen Schule fahren seit drei Wochen unregelmäßig und fallen oft ganz aus. Viele Schüler kommen deshalb zu spät zum Unterricht oder verpassen wichtige Stunden, weil ihre Eltern sie nicht jeden Tag fahren können.",Hohenzieritz,Gemeinde,Mecklenburg-Vorpommern,18-24,male,citizen,LAND_01_BM,Schleswig-Holstein - Ministerium für Bildung,Land,235,36,True,True,False,False,22,5,27,21,5,2,True,False,False,False
ISS_20250613033926_3052,2024-05-23 10:10:00,Digitalisierung,"Die Online-Terminbuchung für den Bürgerservice funktioniert seit Wochen nicht richtig - man wird immer wieder rausgeschmissen. Als berufstätige Mutter kann ich aber nicht ständig persönlich vorbeikommen, nur um einen Termin zu bekommen.",Marsberg,Stadt,Nordrhein-Westfalen,45-54,female,migrant_eu,BUND_BUNDESMINISTERIUM_FÜR_DIGITALES_UND_VERKEHR,Bundesministerium für Digitales und Verkehr,Bund,236,32,False,False,False,False,10,3,23,21,5,2,False,True,True,False
ISS_20250613034132_1783,2024-06-22 08:01:00,Gesundheit,Die Wartezeit für einen Facharzttermin beim Orthopäden beträgt hier in Speyer über vier Monate. Als Rentnerin mit chronischen Rückenschmerzen ist das untragbar - ich brauche dringend eine Behandlung und kann nicht so lange warten.,Speyer,Stadt,Rheinland-Pfalz,55-64,female,citizen,LAND_09_GM,Bayern - Ministerium für Gesundheit,Land,230,34,False,False,False,True,8,5,22,25,6,2,True,True,True,False
ISS_20250613034241_5391,2025-02-24 12:49:00,Verkehr,"Die Bushaltestelle an der Ortsdurchfahrt hat kein Wartehäuschen und bei Regen wird man komplett nass. Außerdem kommt der Bus oft 10-15 Minuten zu spät, was für Berufstätige wie mich sehr problematisch ist.",Südharz,Gemeinde,Sachsen-Anhalt,25-34,male,migrant_eu,LAND_16_VM,Thüringen - Ministerium für Verkehr,Land,205,32,True,False,False,False,12,0,24,9,2,1,False,True,True,True
ISS_20250613033722_5379,2023-04-16 19:59:00,Digitalisierung,"Das Online-Portal der Gemeinde funktioniert seit Tagen nicht richtig - beim Beantragen von Dokumenten bricht die Seite immer ab. Für einen einfachen Meldezettel muss ich jetzt extra ins Rathaus fahren, obwohl das digital gehen sollte.",Obersontheim,Gemeinde,Baden-Württemberg,45-54,male,citizen,BUND_BUNDESMINISTERIUM_FÜR_DIGITALES_UND_VERKEHR,Bundesministerium für Digitales und Verkehr,Bund,234,35,False,False,False,False,19,6,16,15,4,2,True,False,False,False
ISS_20250613034032_9172,2025-01-06 10:05:00,Wirtschaft,"Die Gewerbeanmeldung für meinen kleinen Handwerksbetrieb dauert jetzt schon drei Monate - das ist viel zu lang! Andere Gemeinden schaffen das in zwei Wochen, hier blockiert die Bürokratie kleine Unternehmer wie mich.",Bohmstedt,Gemeinde,Schleswig-Holstein,35-44,male,citizen,LAND_13_MW,Mecklenburg-Vorpommern - Ministerium für Wirtschaft,Land,216,32,False,False,False,False,10,0,6,2,1,1,False,True,True,False
ISS_20250613033844_3372,2024-05-14 11:12:00,Verkehr,"Die Schlaglöcher in der Stendaler Straße sind eine Zumutung - mein Auto hat schon zwei Reifen kaputt gemacht. Seit Monaten passiert nichts, obwohl die Straße täglich von Pendlern befahren wird.",Gardelegen,Stadt,Sachsen-Anhalt,45-54,male,citizen,LAND_13_VM,Mecklenburg-Vorpommern - Ministerium für Verkehr,Land,193,30,True,False,False,False,11,1,14,20,5,2,False,True,True,False
ISS_20250613033810_7153,2024-02-28 15:36:00,Wirtschaft,"Die Geschäfte in der Innenstadt stehen leer und es gibt kaum noch Einkaufsmöglichkeiten für den täglichen Bedarf. Wann unternimmt die Stadt endlich etwas gegen das Ladensterben, damit wir nicht immer nach Paderborn fahren müssen?",Höxter,Stadt,Nordrhein-Westfalen,45-54,female,citizen,LAND_14_FM,Sachsen - Ministerium der Finanzen,Land,229,34,False,False,False,False,15,2,28,9,2,1,False,True,False,True
ISS_20250613034251_6281,2025-03-21 05:39:00,Wirtschaft,Die Baustelle an der Hauptstraße blockiert seit drei Monaten den Zugang zu den örtlichen Geschäften. Viele Kunden bleiben weg und die Händler verlieren Umsatz - wann wird endlich eine Umleitung eingerichtet?,Grafenau,Gemeinde,Baden-Württemberg,55-64,male,citizen,LAND_07_MW,Rheinland-Pfalz - Ministerium für Wirtschaft,Land,207,31,True,False,False,False,5,4,21,12,3,1,False,False,False,False
ISS_20250613033658_7291,2023-04-27 09:08:00,Wirtschaft,"Die Baustelle an der Bentheimer Straße blockiert seit Monaten den Zugang zu den Geschäften im Zentrum. Viele kleine Läden verlieren Kunden und kämpfen ums Überleben, weil niemand mehr dort einkaufen kann.",Nordhorn,Stadt,Niedersachsen,25-34,male,citizen,LAND_12_FM,Brandenburg - Ministerium der Finanzen,Land,204,31,True,False,False,False,9,3,27,17,4,2,False,True,True,False
ISS_20250613033645_5266,2025-02-08 10:35:00,Migration,"Die Beratungsstelle für Migranten in der Innenstadt hat seit Monaten verkürzte Öffnungszeiten. Viele ältere Neubürger aus meiner Nachbarschaft finden keine Hilfe bei Behördengängen und Übersetzungen, das ist nicht fair.",Herzberg (Elster),Stadt,Brandenburg,65+,diverse,citizen,LAND_02_SM,Hamburg - Ministerium für Soziales,Land,219,29,False,False,False,False,10,5,8,6,2,1,True,True,True,False
ISS_20250613034216_8052,2023-03-14 03:51:00,Digitalisierung,Das Online-Portal für Bafög-Anträge ist seit einer Woche nicht erreichbar und mein Antrag für das nächste Semester läuft bald ab. Ich kann weder den Status einsehen noch neue Unterlagen hochladen - das ist echt frustrierend für uns Studenten!,Bornheim,Stadt,Nordrhein-Westfalen,18-24,male,citizen,BUND_BUNDESMINISTERIUM_FÜR_DIGITALES_UND_VERKEHR,Bundesministerium für Digitales und Verkehr,Bund,242,38,False,False,False,False,3,1,14,11,3,1,False,False,False,False
ISS_20250613033844_7150,2025-06-07 06:01:00,Gesundheit,"Die Wartezeit beim Hausarzt in Fitzbek ist unmöglich geworden - für einen normalen Termin muss man drei Wochen warten. Für ältere Menschen wie mich ist das ein echtes Problem, besonders wenn man regelmäßige Kontrollen braucht.",Fitzbek,Gemeinde,Schleswig-Holstein,45-54,female,citizen,LAND_05_SM,Nordrhein-Westfalen - Ministerium für Soziales,Land,226,35,False,False,False,True,6,5,7,23,6,2,True,False,True,False
ISS_20250613033701_5560,2024-03-01 09:21:00,Wirtschaft,"Die Gewerbesteuer für kleine Betriebe in Zell ist viel zu hoch im Vergleich zu den Nachbargemeinden. Viele lokale Geschäfte kämpfen ums Überleben, während woanders die Unternehmen bessere Bedingungen haben.",Zell (Mosel),Stadt,Rheinland-Pfalz,45-54,female,citizen,LAND_02_MW,Hamburg - Ministerium für Wirtschaft,Land,206,29,False,False,False,False,9,4,1,9,3,1,False,True,True,False
ISS_20250613034210_5828,2025-01-02 22:33:00,Digitalisierung,"Die Online-Terminbuchung für den Bürgerservice funktioniert seit Wochen nicht richtig - man kann zwar Termine auswählen, aber bekommt keine Bestätigung. Meine Aufenthaltserlaubnis läuft bald ab und ich brauche dringend einen Termin im Bürgerbüro.",Isselburg,Stadt,Nordrhein-Westfalen,35-44,male,migrant_eu,BUND_BUNDESMINISTERIUM_FÜR_DIGITALES_UND_VERKEHR,Bundesministerium für Digitales und Verkehr,Bund,246,33,False,False,False,False,22,3,2,1,1,1,False,False,False,False
ISS_20250613033804_7683,2023-07-25 23:39:00,Bildung,"Die Deutschkurse für Erwachsene in Büchenbach sind völlig überfüllt und haben monatelange Wartelisten. Meine Frau wartet seit einem halben Jahr auf einen Platz, aber es gibt einfach zu wenige Angebote für uns Zuwanderer.",Büchenbach,Gemeinde,Bayern,55-64,male,migrant_non_eu,LAND_09_BM,Bayern - Ministerium für Bildung,Land,220,33,False,False,False,False,23,1,25,30,7,3,False,False,False,False
ISS_20250613033737_5527,2024-01-12 09:02:00,Sicherheit,"Die Straßenbeleuchtung in der Dorfstraße ist seit Wochen kaputt, und abends ist es dort stockfinster. Als ältere Frau traue ich mich nicht mehr alleine nach draußen, weil ich Angst habe zu stürzen oder überfallen zu werden.",Hankensbüttel,Gemeinde,Niedersachsen,65+,female,citizen,LAND_11_UM,Berlin - Ministerium für Umwelt,Land,223,36,True,False,False,False,9,4,12,2,1,1,False,True,True,False
ISS_20250613033819_4786,2025-02-07 14:47:00,Umwelt,Die Biotonne in der Gartenstraße wird seit drei Wochen nicht geleert und stinkt entsetzlich. Die Nachbarn beschweren sich schon und es fliegen Wespen und anderes Ungeziefer herum - das ist unhygienisch und unzumutbar für uns alle.,Machern,Gemeinde,Sachsen,35-44,female,citizen,LAND_05_MW,Nordrhein-Westfalen - Ministerium für Wirtschaft,Land,230,36,True,False,False,False,14,4,7,6,2,1,False,True,False,True
ISS_20250613034023_4583,2023-10-10 18:40:00,Gesundheit,"Die Wartezeit beim Hausarzt in Adelebsen beträgt mittlerweile über drei Wochen für einen normalen Termin. Für berufstätige Menschen ist das unzumutbar, besonders wenn man akute Beschwerden hat und nicht extra zum Notdienst fahren möchte.",Adelebsen,Gemeinde,Niedersachsen,45-54,diverse,citizen,LAND_03_SM,Niedersachsen - Ministerium für Soziales,Land,237,34,False,False,False,True,18,1,10,41,10,4,False,False,False,True
ISS_20250613033758_3791,2023-03-09 09:40:00,Digitalisierung,"Das Online-Antragsportal der Stadt ist eine Katastrophe - ständig stürzt es ab und man muss alles neu eingeben. Für einen simplen Wohnsitzwechsel brauche ich jetzt drei Wochen, früher ging das am Schalter in zehn Minuten.",Burgkunstadt,Stadt,Bayern,35-44,female,citizen,BUND_BUNDESMINISTERIUM_FÜR_DIGITALES_UND_VERKEHR,Bundesministerium für Digitales und Verkehr,Bund,221,35,False,False,False,False,9,3,9,10,3,1,False,True,True,False
ISS_20250613033702_6411,2025-04-29 14:46:00,Migration,"Die Bearbeitung meines Einbürgerungsantrags dauert bereits über ein Jahr, obwohl alle Unterlagen vollständig eingereicht wurden. Ich bitte um eine Beschleunigung des Verfahrens, da ich beruflich auf die deutsche Staatsbürgerschaft angewiesen bin.",Taching a.See,Gemeinde,Bayern,35-44,male,citizen,LAND_05_SM,Nordrhein-Westfalen - Ministerium für Soziales,Land,246,31,False,False,False,False,14,1,29,18,4,2,False,True,False,True
ISS_20250613033848_2568,2024-05-03 18:32:00,Gesundheit,"Die Wartezeit beim Hausarzt in Pappenheim beträgt mittlerweile über drei Wochen für einen normalen Termin. Als ältere Bürgerin finde ich das unzumutbar, besonders wenn man regelmäßige Kontrollen braucht.",Pappenheim,Stadt,Bayern,55-64,female,citizen,LAND_02_GM,Hamburg - Ministerium für Gesundheit,Land,203,28,False,False,False,True,18,4,3,18,5,2,False,False,False,True
ISS_20250613033846_4088,2025-02-18 17:23:00,Gesundheit,"Die Wartezeit beim Hausarzt in Limburgerhof beträgt mittlerweile über drei Wochen für einen normalen Termin. Für berufstätige Mütter wie mich ist das untragbar, besonders wenn die Kinder krank sind und schnell medizinische Hilfe brauchen.",Limburgerhof,Gemeinde,Rheinland-Pfalz,35-44,female,citizen,LAND_08_SM,Baden-Württemberg - Ministerium für Soziales,Land,238,34,False,False,False,True,17,1,18,8,2,1,False,True,False,True
ISS_20250613034005_9466,2025-02-27 11:31:00,Gesundheit,Das Gesundheitsamt hat seit drei Wochen nicht auf meinen Antrag für den Gesundheitszeugnis reagiert. Ich brauche das Dokument dringend für meinen neuen Job in der Gastronomie und kann deshalb nicht anfangen zu arbeiten.,Zerbst/Anhalt,Stadt,Sachsen-Anhalt,18-24,male,citizen,LAND_15_SM,Sachsen-Anhalt - Ministerium für Soziales,Land,219,33,False,False,False,False,11,3,27,9,2,1,False,True,True,False
ISS_20250613034212_5518,2023-02-14 12:38:00,Wirtschaft,Die Gewerbesteuer für kleine Betriebe in Meinhard ist viel zu hoch im Vergleich zu Nachbargemeinden. Dadurch wandern Unternehmen ab und wir verlieren Arbeitsplätze - das schadet unserer ganzen Region wirtschaftlich.,Meinhard,Gemeinde,Hessen,45-54,male,citizen,LAND_12_MW,Brandenburg - Ministerium für Wirtschaft,Land,215,30,False,False,False,False,12,1,14,7,2,1,False,True,True,True
ISS_20250613034018_2383,2023-08-26 21:07:00,Digitalisierung,"Die Online-Terminbuchung für das Bürgerbüro funktioniert seit Wochen nicht richtig - man kann keine Termine auswählen. Als berufstätige Mutter bin ich auf die digitalen Angebote angewiesen, aber so muss ich trotzdem persönlich vorbeikommen.",Hoyerhagen,Gemeinde,Niedersachsen,45-54,female,migrant_eu,BUND_BUNDESMINISTERIUM_FÜR_DIGITALES_UND_VERKEHR,Bundesministerium für Digitales und Verkehr,Bund,240,33,False,False,False,False,21,5,26,34,8,3,True,False,False,False
ISS_20250613033843_7736,2023-03-10 22:32:00,Digitalisierung,"Die Online-Terminbuchung für das Bürgerbüro funktioniert seit Wochen nicht richtig - die Seite lädt ewig oder stürzt ab. Muss ich wirklich extra nach Fulda fahren, nur um einen simplen Termin zu vereinbaren?",Hilders,Gemeinde,Hessen,35-44,female,citizen,BUND_BUNDESMINISTERIUM_FÜR_DIGITALES_UND_VERKEHR,Bundesministerium für Digitales und Verkehr,Bund,207,32,False,False,False,False,22,4,10,10,3,1,False,False,False,False
ISS_20250613034138_9122,2024-07-31 11:12:00,Gesundheit,"Die Wartezeit beim Hausarzt in Tanna ist unzumutbar geworden - drei Wochen für einen normalen Termin. Als Rentner bin ich auf schnelle medizinische Versorgung angewiesen, aber die Ärzteknappheit hier macht das unmöglich.",Tanna,Stadt,Thüringen,55-64,male,citizen,LAND_01_SM,Schleswig-Holstein - Ministerium für Soziales,Land,220,32,False,False,False,True,11,2,31,31,7,3,False,True,True,False
ISS_20250613034152_4632,2024-12-11 06:54:00,Migration,"Die Sprachkurse für Migranten in unserer Stadt sind völlig überfüllt. Meine Nachbarin wartet seit vier Monaten auf einen Platz im Deutschkurs, obwohl sie arbeiten möchte und sehr motiviert ist.",Bad Sooden-Allendorf,Stadt,Hessen,35-44,female,citizen,LAND_10_SM,Saarland - Ministerium für Soziales,Land,193,29,False,False,False,False,6,2,11,50,12,4,False,False,True,False
ISS_20250613033818_3890,2023-09-23 12:28:00,Wirtschaft,"Die Gewerbeanmeldung für meinen kleinen Laden dauert jetzt schon über zwei Monate. Ich verliere täglich Geld, weil ich nicht öffnen kann, während andere Städte das in wenigen Tagen schaffen.",Frankfurt (Oder),Stadt,Brandenburg,35-44,female,citizen,LAND_11_MW,Berlin - Ministerium für Wirtschaft,Land,190,29,False,False,False,False,12,5,23,38,9,3,True,True,True,True
ISS_20250613034130_4409,2025-02-05 06:18:00,Bildung,"Die Sporthalle der Realschule ist seit drei Monaten wegen Wasserschäden gesperrt, aber mein Sohn hat immer noch keinen Ersatz-Sportunterricht. Wann wird endlich eine Lösung gefunden, damit die Kinder wieder richtig Sport machen können?",Geislingen,Stadt,Baden-Württemberg,35-44,male,citizen,LAND_03_BM,Niedersachsen - Ministerium für Bildung,Land,235,33,False,True,False,False,6,2,5,6,2,1,False,False,True,False
ISS_20250613033652_1222,2023-10-21 07:22:00,Sicherheit,"Der Fußweg entlang der Wilhelmstraße ist abends völlig unbeleuchtet und durch die vielen Schlaglöcher extrem gefährlich. Besonders für uns Frauen ist es beängstigend, dort alleine langgehen zu müssen - bitte installieren Sie endlich Straßenlaternen!",Furtwangen im Schwarzwald,Stadt,Baden-Württemberg,25-34,female,citizen,LAND_07_IM,Rheinland-Pfalz - Ministerium des Innern,Land,249,34,True,False,False,False,7,5,21,42,10,4,True,False,True,False
ISS_20250613034036_5944,2023-10-05 11:20:00,Sicherheit,"Die Beleuchtung am Fußweg zwischen Bahnhof und Innenstadt ist seit Wochen kaputt. Als Frau fühle ich mich dort abends sehr unsicher, besonders wenn ich spät von der Arbeit komme.",Ratingen,Stadt,Nordrhein-Westfalen,25-34,female,citizen,LAND_14_IM,Sachsen - Ministerium des Innern,Land,178,29,True,False,False,False,11,3,5,40,10,4,False,True,True,False
ISS_20250613034206_3438,2023-06-04 09:22:00,Digitalisierung,"Das Online-Portal der Stadtverwaltung ist ständig überlastet und funktioniert nicht richtig. Ich kann seit Wochen keinen Termin für meinen Personalausweis buchen, weil die Seite immer abstürzt - das ist doch ein Witz in 2024!",Kemberg,Stadt,Sachsen-Anhalt,45-54,male,citizen,BUND_BUNDESMINISTERIUM_FÜR_DIGITALES_UND_VERKEHR,Bundesministerium für Digitales und Verkehr,Bund,225,34,False,False,False,False,9,6,4,22,6,2,True,True,True,False
ISS_20250613034234_5653,2024-10-06 00:33:00,Digitalisierung,"Die Online-Terminbuchung für das Bürgerbüro funktioniert überhaupt nicht - ständig Fehlermeldungen und dann ist man wieder am Telefon in der Warteschleife. Warum kann man nicht einfach wie früher persönlich vorbeikommen, ohne diesen Computer-Kram?",Heidenheim,Gemeinde,Bayern,65+,male,citizen,BUND_BUNDESMINISTERIUM_FÜR_DIGITALES_UND_VERKEHR,Bundesministerium für Digitales und Verkehr,Bund,247,33,False,False,False,False,0,6,6,40,10,4,True,False,False,False
ISS_20250613033845_6852,2023-07-16 20:36:00,Umwelt,"Die Mülltrennung in unserem Wohngebiet funktioniert nicht richtig - die Tonnen werden oft falsch geleert und Bioabfall landet im Restmüll. Außerdem stehen die Container oft tagelang über, was Ungeziefer anzieht und sehr unhygienisch ist.",Fürstenberg/Havel,Stadt,Brandenburg,45-54,female,migrant_eu,LAND_03_UM,Niedersachsen - Ministerium für Umwelt,Land,237,34,False,False,True,False,20,6,16,28,7,3,True,False,False,False
ISS_20250613034250_1295,2024-08-22 12:56:00,Migration,"Die Bearbeitung meines Antrags auf Anerkennung meiner ausländischen Berufsqualifikation dauert bereits acht Monate. Ich kann nicht arbeiten und brauche dringend eine Rückmeldung, wann endlich eine Entscheidung getroffen wird.",Magdeburg,Stadt,Sachsen-Anhalt,55-64,female,migrant_eu,LAND_01_SM,Schleswig-Holstein - Ministerium für Soziales,Land,225,28,False,False,False,False,12,3,22,34,8,3,False,True,True,True
ISS_20250613033654_7197,2025-01-31 09:39:00,Digitalisierung,"Die Online-Terminbuchung für den Bürgerservice funktioniert seit Wochen nicht richtig - ich kann keinen Termin für meinen Personalausweis buchen und muss immer wieder anrufen, aber niemand geht ans Telefon.",Kronach,Stadt,Bayern,45-54,female,migrant_eu,BUND_BUNDESMINISTERIUM_FÜR_DIGITALES_UND_VERKEHR,Bundesministerium für Digitales und Verkehr,Bund,206,29,False,False,False,False,9,4,31,5,1,1,False,True,True,False
ISS_20250613034055_5258,2025-04-23 08:47:00,Verkehr,"Die Bushaltestelle an der Würzburger Straße hat kein Wartehäuschen und bei Regen stehen die Fahrgäste im Freien. Besonders für ältere Bürger wie mich ist das ein Problem, wenn der Bus Verspätung hat.",Randersacker,Gemeinde,Bayern,55-64,male,citizen,LAND_07_VM,Rheinland-Pfalz - Ministerium für Verkehr,Land,199,32,True,False,False,False,8,2,23,17,4,2,False,True,True,False
ISS_20250613034215_3640,2024-04-22 08:31:00,Sicherheit,"Die Straßenbeleuchtung in der Ahornstraße ist seit Wochen kaputt, wodurch der Weg zur Bushaltestelle abends sehr dunkel und unsicher ist. Als Frau traue ich mich kaum noch alleine nach Hause zu gehen.",Wiesenbach,Gemeinde,Bayern,35-44,female,migrant_non_eu,LAND_10_IM,Saarland - Ministerium des Innern,Land,200,32,True,False,False,False,8,0,22,17,4,2,False,True,True,False
ISS_20250613034157_9101,2024-02-05 20:20:00,Bildung,"Die Deutschkurse für EU-Bürger sind völlig überfüllt und finden nur einmal pro Woche statt. Meine Frau wartet seit drei Monaten auf einen Platz im Integrationskurs, obwohl sie dringend Deutsch lernen muss für ihre Arbeit.",Sassnitz,Stadt,Mecklenburg-Vorpommern,25-34,male,migrant_eu,LAND_14_BM,Sachsen - Ministerium für Bildung,Land,221,34,False,False,False,False,20,0,5,6,2,1,False,False,False,False
ISS_20250613034039_9001,2024-08-07 13:03:00,Verkehr,"Die Baustelle in der Kämmererstraße blockiert seit Monaten den Verkehr, aber es passiert nichts. Jeden Morgen stehe ich 20 Minuten im Stau, weil die Ampel nicht richtig geschaltet ist und nur drei Autos durchkommen.",Worms,Stadt,Rheinland-Pfalz,35-44,male,migrant_eu,LAND_09_VM,Bayern - Ministerium für Verkehr,Land,215,34,True,False,False,False,13,2,7,32,8,3,False,True,False,True
ISS_20250613034213_5867,2023-01-17 22:47:00,Digitalisierung,"Das Online-Portal der Gemeinde ist seit drei Wochen nicht erreichbar, wodurch ich meinen Wohnsitz nicht ummelden kann. Die Telefon-Hotline ist ständig besetzt und im Rathaus muss man wochenlang auf einen Termin warten.",Neu Wulmstorf,Gemeinde,Niedersachsen,35-44,male,citizen,BUND_BUNDESMINISTERIUM_FÜR_DIGITALES_UND_VERKEHR,Bundesministerium für Digitales und Verkehr,Bund,218,32,False,False,False,False,22,1,17,3,1,1,False,False,False,False
ISS_20250613034016_2310,2024-03-18 10:22:00,Verkehr,"Die Bushaltestelle ""Wachtberg Mitte"" hat kein Wartehäuschen und bei Regen stehen alle Fahrgäste im Freien. Besonders für ältere Menschen und Familien mit Kindern ist das unzumutbar. Bitte installieren Sie endlich einen überdachten Wartebereich.",Wachtberg,Gemeinde,Nordrhein-Westfalen,25-34,female,citizen,LAND_08_VM,Baden-Württemberg - Ministerium für Verkehr,Land,244,33,True,False,False,False,10,0,18,12,3,1,False,True,True,False
ISS_20250613033819_7334,2024-07-19 14:15:00,Digitalisierung,"Das Online-Portal der Stadtverwaltung ist ständig überlastet und stürzt beim Anmelden ab. Ich versuche seit drei Wochen, meinen Wohnsitz umzumelden, aber die Seite funktioniert einfach nicht richtig. Das ist echt frustrierend in 2024!",Altenkirchen (Westerwald),Stadt,Rheinland-Pfalz,25-34,male,citizen,BUND_BUNDESMINISTERIUM_FÜR_DIGITALES_UND_VERKEHR,Bundesministerium für Digitales und Verkehr,Bund,234,33,False,False,False,False,14,4,19,29,7,3,False,True,False,True
